"","zip_code","first_dose","second_dose","single_dose","atleast_one_dose","fully_vaccinated","todaysdate"
"1",20011,10695,6053,596,11291,6649,2022-04-26
"2",20002,6910,4454,603,7513,5057,2022-04-26
"3",20009,6128,4125,731,6859,4856,2022-04-26
"4",20019,7957,4427,290,8247,4717,2022-04-26
"5",20016,6451,3793,452,6903,4245,2022-04-26
"6",20001,5148,3380,505,5653,3885,2022-04-26
"7",20008,5165,3385,448,5613,3833,2022-04-26
"8",20020,5541,3122,247,5788,3369,2022-04-26
"9",20015,4995,3095,236,5231,3331,2022-04-26
"10",20010,3928,2624,326,4254,2950,2022-04-26
"11",20007,3656,2325,326,3982,2651,2022-04-26
"12",17331,2916,2376,265,3181,2641,2022-04-26
"13",20003,3391,2184,336,3727,2520,2022-04-26
"14",20032,4248,2228,210,4458,2438,2022-04-26
"15",20012,4152,2129,166,4318,2295,2022-04-26
"16",17268,2170,1727,334,2504,2061,2022-04-26
"17",17225,2036,1638,269,2305,1907,2022-04-26
"18",20017,3408,1714,162,3570,1876,2022-04-26
"19",20018,3116,1596,132,3248,1728,2022-04-26
"20",19975,2267,1503,109,2376,1612,2022-04-26
"21",25419,1863,1327,201,2064,1528,2022-04-26
"22",19702,1937,1410,94,2031,1504,2022-04-26
"23",19940,1683,1294,156,1839,1450,2022-04-26
"24",17314,1666,1180,259,1925,1439,2022-04-26
"25",22201,1686,1159,154,1840,1313,2022-04-26
"26",22314,1633,1032,84,1717,1116,2022-04-26
"27",19973,1163,913,197,1360,1110,2022-04-26
"28",19956,1226,946,155,1381,1101,2022-04-26
"29",22304,1462,979,87,1549,1066,2022-04-26
"30",26753,1483,946,117,1600,1063,2022-04-26
"31",19701,1383,980,81,1464,1061,2022-04-26
"32",22204,1361,935,107,1468,1042,2022-04-26
"33",20024,1383,905,130,1513,1035,2022-04-26
"34",19709,1235,923,60,1295,983,2022-04-26
"35",20005,1254,819,140,1394,959,2022-04-26
"36",22101,1376,880,71,1447,951,2022-04-26
"37",22202,1249,855,88,1337,943,2022-04-26
"38",17349,1019,849,65,1084,914,2022-04-26
"39",19966,1027,769,134,1161,903,2022-04-26
"40",17340,1023,808,70,1093,878,2022-04-26
"41",19711,1167,805,64,1231,869,2022-04-26
"42",17363,870,762,71,941,833,2022-04-26
"43",17320,922,712,118,1040,830,2022-04-26
"44",22102,1120,771,58,1178,829,2022-04-26
"45",20037,1059,675,112,1171,787,2022-04-26
"46",22207,1067,691,81,1148,772,2022-04-26
"47",25404,927,667,97,1024,764,2022-04-26
"48",17325,843,660,98,941,758,2022-04-26
"49",22003,973,667,52,1025,719,2022-04-26
"50",22203,860,594,86,946,680,2022-04-26
"51",25425,774,590,69,843,659,2022-04-26
"52",22031,799,597,48,847,645,2022-04-26
"53",22209,854,572,72,926,644,2022-04-26
"54",17361,714,591,51,765,642,2022-04-26
"55",22182,833,597,45,878,642,2022-04-26
"56",22030,811,571,55,866,626,2022-04-26
"57",19945,781,553,64,845,617,2022-04-26
"58",19970,876,558,45,921,603,2022-04-26
"59",25414,726,557,46,772,603,2022-04-26
"60",25403,763,526,69,832,595,2022-04-26
"61",22306,837,536,57,894,593,2022-04-26
"62",25427,745,492,91,836,583,2022-04-26
"63",22312,785,530,41,826,571,2022-04-26
"64",20171,739,503,55,794,558,2022-04-26
"65",20036,717,464,90,807,554,2022-04-26
"66",22042,721,503,45,766,548,2022-04-26
"67",22310,744,494,52,796,546,2022-04-26
"68",26726,707,484,60,767,544,2022-04-26
"69",22206,706,486,53,759,539,2022-04-26
"70",17236,601,457,77,678,534,2022-04-26
"71",19713,686,479,49,735,528,2022-04-26
"72",22043,672,476,42,714,518,2022-04-26
"73",20148,662,439,78,740,517,2022-04-26
"74",17327,518,433,74,592,507,2022-04-26
"75",22303,721,448,56,777,504,2022-04-26
"76",22309,694,453,40,734,493,2022-04-26
"77",22191,687,441,44,731,485,2022-04-26
"78",17202,503,421,59,562,480,2022-04-26
"79",22302,638,427,48,686,475,2022-04-26
"80",20147,663,421,53,716,474,2022-04-26
"81",20176,666,420,49,715,469,2022-04-26
"82",22015,616,424,40,656,464,2022-04-26
"83",22193,625,432,30,655,462,2022-04-26
"84",22315,620,418,35,655,453,2022-04-26
"85",19939,570,414,37,607,451,2022-04-26
"86",20180,755,379,72,827,451,2022-04-26
"87",22485,512,413,35,547,448,2022-04-26
"88",22180,586,402,41,627,443,2022-04-26
"89",17402,478,393,41,519,434,2022-04-26
"90",22033,561,391,35,596,426,2022-04-26
"91",17403,476,393,31,507,424,2022-04-26
"92",22311,537,371,30,567,401,2022-04-26
"93",19958,531,373,24,555,397,2022-04-26
"94",22150,523,366,31,554,397,2022-04-26
"95",22066,545,369,27,572,396,2022-04-26
"96",19720,515,356,30,545,386,2022-04-26
"97",17321,429,323,61,490,384,2022-04-26
"98",22192,529,336,48,577,384,2022-04-26
"99",19808,468,359,24,492,383,2022-04-26
"100",26764,553,362,19,572,381,2022-04-26
"101",20170,497,343,33,530,376,2022-04-26
"102",19363,462,320,54,516,374,2022-04-26
"103",22079,480,343,31,511,374,2022-04-26
"104",25411,557,327,47,604,374,2022-04-26
"105",22301,516,341,27,543,368,2022-04-26
"106",22041,505,319,42,547,361,2022-04-26
"107",22032,457,327,33,490,360,2022-04-26
"108",23356,560,318,42,602,360,2022-04-26
"109",17267,443,307,45,488,352,2022-04-26
"110",20191,490,322,29,519,351,2022-04-26
"111",17356,373,312,38,411,350,2022-04-26
"112",22152,467,320,27,494,347,2022-04-26
"113",26719,432,306,40,472,346,2022-04-26
"114",22305,492,318,27,519,345,2022-04-26
"115",20120,448,314,27,475,341,2022-04-26
"116",25443,561,313,28,589,341,2022-04-26
"117",20190,429,304,35,464,339,2022-04-26
"118",15552,480,317,21,501,338,2022-04-26
"119",25401,419,300,35,454,335,2022-04-26
"120",22205,442,301,32,474,333,2022-04-26
"121",20165,425,298,32,457,330,2022-04-26
"122",19352,443,306,23,466,329,2022-04-26
"123",22153,431,294,32,463,326,2022-04-26
"124",23336,467,273,53,520,326,2022-04-26
"125",15545,379,286,36,415,322,2022-04-26
"126",22046,423,281,39,462,320,2022-04-26
"127",19971,407,288,17,424,305,2022-04-26
"128",17201,348,252,43,391,295,2022-04-26
"129",25405,356,253,38,394,291,2022-04-26
"130",19933,325,237,50,375,287,2022-04-26
"131",20164,382,255,27,409,282,2022-04-26
"132",19350,385,259,22,407,281,2022-04-26
"133",19947,288,229,48,336,277,2022-04-26
"134",17302,304,213,55,359,268,2022-04-26
"135",17360,306,253,14,320,267,2022-04-26
"136",17404,310,245,19,329,264,2022-04-26
"137",19930,364,243,16,380,259,2022-04-26
"138",19348,297,235,22,319,257,2022-04-26
"139",20175,359,232,25,384,257,2022-04-26
"140",17408,291,228,23,314,251,2022-04-26
"141",23415,303,222,28,331,250,2022-04-26
"142",19904,291,213,26,317,239,2022-04-26
"143",22554,360,223,16,376,239,2022-04-26
"144",15558,336,228,10,346,238,2022-04-26
"145",20121,311,216,18,329,234,2022-04-26
"146",22308,362,214,18,380,232,2022-04-26
"147",22124,327,212,19,346,231,2022-04-26
"148",17362,246,204,24,270,228,2022-04-26
"149",19707,295,219,8,303,227,2022-04-26
"150",20152,321,209,18,339,227,2022-04-26
"151",19901,265,189,34,299,223,2022-04-26
"152",22307,370,208,14,384,222,2022-04-26
"153",22443,256,199,21,277,220,2022-04-26
"154",19390,246,196,23,269,219,2022-04-26
"155",19952,235,181,35,270,216,2022-04-26
"156",22181,298,209,7,305,216,2022-04-26
"157",22151,298,196,15,313,211,2022-04-26
"158",22044,295,194,16,311,210,2022-04-26
"159",15522,238,183,21,259,204,2022-04-26
"160",25438,229,168,28,257,196,2022-04-26
"161",17329,210,173,19,229,192,2022-04-26
"162",19362,234,165,27,261,192,2022-04-26
"163",19382,242,183,8,250,191,2022-04-26
"164",22039,236,167,22,258,189,2022-04-26
"165",19977,242,168,20,262,188,2022-04-26
"166",20111,251,168,16,267,184,2022-04-26
"167",17222,184,146,36,220,182,2022-04-26
"168",20109,237,163,18,255,181,2022-04-26
"169",19805,226,162,17,243,179,2022-04-26
"170",20105,240,151,23,263,174,2022-04-26
"171",25428,211,152,22,233,174,2022-04-26
"172",20110,240,162,11,251,173,2022-04-26
"173",25430,214,152,20,234,172,2022-04-26
"174",17350,186,154,16,202,170,2022-04-26
"175",26508,195,167,3,198,170,2022-04-26
"176",19950,157,119,48,205,167,2022-04-26
"177",20155,218,152,13,231,165,2022-04-26
"178",20151,202,138,26,228,164,2022-04-26
"179",19734,191,146,16,207,162,2022-04-26
"180",17322,165,132,26,191,158,2022-04-26
"181",19335,178,140,15,193,155,2022-04-26
"182",26505,186,147,7,193,154,2022-04-26
"183",20194,226,133,19,245,152,2022-04-26
"184",19803,188,139,11,199,150,2022-04-26
"185",19967,217,141,8,225,149,2022-04-26
"186",17603,176,134,14,190,148,2022-04-26
"187",19963,184,135,13,197,148,2022-04-26
"188",19380,202,139,8,210,147,2022-04-26
"189",19968,182,129,18,200,147,2022-04-26
"190",20004,188,134,13,201,147,2022-04-26
"191",17313,158,129,15,173,144,2022-04-26
"192",22407,232,134,10,242,144,2022-04-26
"193",17406,166,131,12,178,143,2022-04-26
"194",26705,222,141,2,224,143,2022-04-26
"195",20166,209,128,13,222,141,2022-04-26
"196",23395,153,113,28,181,141,2022-04-26
"197",19810,177,131,9,186,140,2022-04-26
"198",19311,176,129,8,184,137,2022-04-26
"199",17238,180,122,14,194,136,2022-04-26
"200",19943,152,110,22,174,132,2022-04-26
"201",11220,186,128,2,188,130,2022-04-26
"202",20124,160,121,9,169,130,2022-04-26
"203",17601,162,115,13,175,128,2022-04-26
"204",15535,139,103,21,160,124,2022-04-26
"205",17257,139,108,16,155,124,2022-04-26
"206",20132,157,104,20,177,124,2022-04-26
"207",20112,164,109,14,178,123,2022-04-26
"208",19934,127,94,24,151,118,2022-04-26
"209",19804,129,105,12,141,117,2022-04-26
"210",20136,153,111,5,158,116,2022-04-26
"211",23421,162,108,8,170,116,2022-04-26
"212",19104,175,108,7,182,115,2022-04-26
"213",17315,136,110,4,140,114,2022-04-26
"214",17352,110,90,22,132,112,2022-04-26
"215",22026,176,100,12,188,112,2022-04-26
"216",19806,153,102,9,162,111,2022-04-26
"217",23442,132,97,14,146,111,2022-04-26
"218",26767,164,96,15,179,111,2022-04-26
"219",20169,143,98,12,155,110,2022-04-26
"220",99664,149,108,2,151,110,2022-04-26
"221",17214,131,88,20,151,108,2022-04-26
"222",17050,133,92,13,146,105,2022-04-26
"223",19938,105,86,19,124,105,2022-04-26
"224",22602,124,89,13,137,102,2022-04-26
"225",22556,141,91,10,151,101,2022-04-26
"226",22903,144,89,12,156,101,2022-04-26
"227",19320,130,89,9,139,98,2022-04-26
"228",11111,99,89,7,106,96,2022-04-26
"229",26716,120,87,6,126,93,2022-04-26
"230",19962,105,85,7,112,92,2022-04-26
"231",97818,115,89,3,118,92,2022-04-26
"232",17407,92,80,11,103,91,2022-04-26
"233",20006,133,79,12,145,91,2022-04-26
"234",22025,119,84,7,126,91,2022-04-26
"235",22405,112,78,10,122,88,2022-04-26
"236",23303,132,72,16,148,88,2022-04-26
"237",11355,115,82,5,120,87,2022-04-26
"238",19802,123,83,4,127,87,2022-04-26
"239",22406,108,73,13,121,86,2022-04-26
"240",77077,99,85,1,100,86,2022-04-26
"241",19944,144,74,11,155,85,2022-04-26
"242",22408,113,77,8,121,85,2022-04-26
"243",22601,134,75,8,142,83,2022-04-26
"244",17602,104,75,7,111,82,2022-04-26
"245",19083,107,75,7,114,82,2022-04-26
"246",19801,102,72,10,112,82,2022-04-26
"247",19807,113,74,7,120,81,2022-04-26
"248",19703,118,78,3,121,81,2022-04-26
"249",19063,117,76,5,122,81,2022-04-26
"250",24060,156,77,4,160,81,2022-04-26
"251",17055,93,68,12,105,80,2022-04-26
"252",19087,118,74,6,124,80,2022-04-26
"253",17543,101,77,3,104,80,2022-04-26
"254",25413,98,64,16,114,80,2022-04-26
"255",10002,115,77,2,117,79,2022-04-26
"256",19809,105,73,6,111,79,2022-04-26
"257",22401,115,74,5,120,79,2022-04-26
"258",22801,110,74,5,115,79,2022-04-26
"259",10025,128,72,6,134,78,2022-04-26
"260",16801,115,65,11,126,76,2022-04-26
"261",26501,97,75,1,98,76,2022-04-26
"262",22213,110,73,2,112,75,2022-04-26
"263",32043,120,62,12,132,74,2022-04-26
"264",17563,73,56,16,89,72,2022-04-26
"265",19355,103,66,5,108,71,2022-04-26
"266",23666,115,66,5,120,71,2022-04-26
"267",17112,98,65,5,103,70,2022-04-26
"268",25442,94,63,7,101,70,2022-04-26
"269",19317,84,63,6,90,69,2022-04-26
"270",23220,103,60,8,111,68,2022-04-26
"271",23417,87,55,12,99,67,2022-04-26
"272",26525,102,61,6,108,67,2022-04-26
"273",26763,99,61,6,105,67,2022-04-26
"274",23308,81,57,9,90,66,2022-04-26
"275",17011,95,61,4,99,65,2022-04-26
"276",19103,86,59,6,92,65,2022-04-26
"277",19146,116,59,5,121,64,2022-04-26
"278",19067,104,59,5,109,64,2022-04-26
"279",23451,88,60,4,92,64,2022-04-26
"280",23223,102,57,7,109,64,2022-04-26
"281",17366,71,59,4,75,63,2022-04-26
"282",19147,97,60,3,100,63,2022-04-26
"283",22701,83,60,3,86,63,2022-04-26
"284",19426,83,56,6,89,62,2022-04-26
"285",22630,164,51,11,175,62,2022-04-26
"286",19446,90,57,4,94,61,2022-04-26
"287",22901,93,57,4,97,61,2022-04-26
"288",11373,89,57,3,92,60,2022-04-26
"289",17566,77,52,8,85,60,2022-04-26
"290",23440,77,49,11,88,60,2022-04-26
"291",25420,66,48,12,78,60,2022-04-26
"292",26554,74,56,4,78,60,2022-04-26
"293",88888,47,33,27,74,60,2022-04-26
"294",17353,61,53,6,67,59,2022-04-26
"295",19460,77,57,2,79,59,2022-04-26
"296",19342,84,56,2,86,58,2022-04-26
"297",22172,71,49,9,80,58,2022-04-26
"298",17233,59,44,13,72,57,2022-04-26
"299",19060,66,53,4,70,57,2022-04-26
"300",19960,62,51,6,68,57,2022-04-26
"301",10023,89,47,9,98,56,2022-04-26
"302",17316,56,48,8,64,56,2022-04-26
"303",22655,68,44,12,80,56,2022-04-26
"304",17344,60,45,10,70,55,2022-04-26
"305",19403,71,46,9,80,55,2022-04-26
"306",27519,93,50,5,98,55,2022-04-26
"307",27713,107,54,1,108,55,2022-04-26
"308",20187,78,51,3,81,54,2022-04-26
"309",22603,55,44,10,65,54,2022-04-26
"310",23454,95,50,4,99,54,2022-04-26
"311",17036,73,46,7,80,53,2022-04-26
"312",17111,75,46,7,82,53,2022-04-26
"313",23452,67,38,15,82,53,2022-04-26
"314",23233,99,49,3,102,52,2022-04-26
"315",23059,89,49,3,92,52,2022-04-26
"316",27707,81,47,5,86,52,2022-04-26
"317",11201,98,45,6,104,51,2022-04-26
"318",17237,59,40,11,70,51,2022-04-26
"319",19038,72,47,4,76,51,2022-04-26
"320",22520,57,43,8,65,51,2022-04-26
"321",23234,67,48,3,70,51,2022-04-26
"322",23359,69,46,5,74,51,2022-04-26
"323",11226,88,45,5,93,50,2022-04-26
"324",11238,91,45,5,96,50,2022-04-26
"325",19330,69,48,2,71,50,2022-04-26
"326",23464,69,43,7,76,50,2022-04-26
"327",10003,85,45,4,89,49,2022-04-26
"328",10128,82,47,2,84,49,2022-04-26
"329",11236,66,45,4,70,49,2022-04-26
"330",10010,70,45,4,74,49,2022-04-26
"331",17252,50,39,10,60,49,2022-04-26
"332",23185,75,44,5,80,49,2022-04-26
"333",19002,69,42,6,75,48,2022-04-26
"334",23188,77,44,4,81,48,2022-04-26
"335",26260,96,44,4,100,48,2022-04-26
"336",17013,76,43,4,80,47,2022-04-26
"337",17110,54,43,4,58,47,2022-04-26
"338",17347,51,40,7,58,47,2022-04-26
"339",19014,55,44,3,58,47,2022-04-26
"340",19130,80,41,6,86,47,2022-04-26
"341",20186,59,36,11,70,47,2022-04-26
"342",26757,62,41,6,68,47,2022-04-26
"343",23462,79,44,3,82,47,2022-04-26
"344",23337,61,37,10,71,47,2022-04-26
"345",14850,78,41,5,83,46,2022-04-26
"346",15537,49,41,5,54,46,2022-04-26
"347",19096,67,44,2,69,46,2022-04-26
"348",19143,72,43,3,75,46,2022-04-26
"349",22902,66,41,5,71,46,2022-04-26
"350",23112,66,40,6,72,46,2022-04-26
"351",26739,74,40,6,80,46,2022-04-26
"352",20057,61,38,7,68,45,2022-04-26
"353",22027,63,44,1,64,45,2022-04-26
"354",25422,83,36,9,92,45,2022-04-26
"355",77777,62,44,1,63,45,2022-04-26
"356",17211,52,40,4,56,44,2022-04-26
"357",19953,47,36,8,55,44,2022-04-26
"358",19341,66,42,2,68,44,2022-04-26
"359",27703,71,40,4,75,44,2022-04-26
"360",20052,56,37,6,62,43,2022-04-26
"361",23060,55,38,5,60,43,2022-04-26
"362",26717,72,42,1,73,43,2022-04-26
"363",11377,57,37,5,62,42,2022-04-26
"364",11219,61,40,2,63,42,2022-04-26
"365",17263,51,36,6,57,42,2022-04-26
"366",19064,46,39,3,49,42,2022-04-26
"367",19964,33,25,17,50,42,2022-04-26
"368",23416,62,37,5,67,42,2022-04-26
"369",23321,61,39,3,64,42,2022-04-26
"370",15424,61,38,3,64,41,2022-04-26
"371",16803,78,31,10,88,41,2022-04-26
"372",17401,54,37,4,58,41,2022-04-26
"373",23224,53,38,3,56,41,2022-04-26
"374",23456,71,38,3,74,41,2022-04-26
"375",10019,67,38,2,69,40,2022-04-26
"376",11203,60,37,3,63,40,2022-04-26
"377",19454,57,37,3,60,40,2022-04-26
"378",22060,67,36,4,71,40,2022-04-26
"379",23669,65,38,2,67,40,2022-04-26
"380",23320,74,38,2,76,40,2022-04-26
"381",23803,54,37,3,57,40,2022-04-26
"382",10011,67,33,6,73,39,2022-04-26
"383",10027,78,37,2,80,39,2022-04-26
"384",15562,67,38,1,68,39,2022-04-26
"385",17307,46,38,1,47,39,2022-04-26
"386",20059,65,37,2,67,39,2022-04-26
"387",23117,47,35,4,51,39,2022-04-26
"388",22611,39,34,5,44,39,2022-04-26
"389",23225,68,36,3,71,39,2022-04-26
"390",27514,55,34,5,60,39,2022-04-26
"391",11215,72,33,5,77,38,2022-04-26
"392",10467,57,37,1,58,38,2022-04-26
"393",11221,74,37,1,75,38,2022-04-26
"394",10024,73,34,4,77,38,2022-04-26
"395",15217,62,37,1,63,38,2022-04-26
"396",19026,57,37,1,58,38,2022-04-26
"397",19082,62,34,4,66,38,2022-04-26
"398",11216,59,32,5,64,37,2022-04-26
"399",19128,54,33,4,58,37,2022-04-26
"400",19468,46,34,3,49,37,2022-04-26
"401",19125,55,35,2,57,37,2022-04-26
"402",11230,58,35,1,59,36,2022-04-26
"403",11706,44,30,6,50,36,2022-04-26
"404",19425,59,33,3,62,36,2022-04-26
"405",20197,58,27,9,67,36,2022-04-26
"406",22553,48,34,2,50,36,2022-04-26
"407",23488,41,34,2,43,36,2022-04-26
"408",27705,58,29,7,65,36,2022-04-26
"409",10016,84,32,3,87,35,2022-04-26
"410",17070,45,33,2,47,35,2022-04-26
"411",17522,38,31,4,42,35,2022-04-26
"412",18914,39,34,1,40,35,2022-04-26
"413",19107,59,33,2,61,35,2022-04-26
"414",23301,49,31,4,53,35,2022-04-26
"415",23831,43,32,3,46,35,2022-04-26
"416",23116,57,33,2,59,35,2022-04-26
"417",27410,47,31,4,51,35,2022-04-26
"418",11225,55,32,2,57,34,2022-04-26
"419",10001,58,33,1,59,34,2022-04-26
"420",11354,48,31,3,51,34,2022-04-26
"421",11590,48,31,3,51,34,2022-04-26
"422",17109,41,31,3,44,34,2022-04-26
"423",17022,49,32,2,51,34,2022-04-26
"424",19073,59,30,4,63,34,2022-04-26
"425",19312,46,32,2,48,34,2022-04-26
"426",19061,42,31,3,45,34,2022-04-26
"427",48104,52,30,4,56,34,2022-04-26
"428",11208,57,32,1,58,33,2022-04-26
"429",10021,60,31,2,62,33,2022-04-26
"430",11207,61,32,1,62,33,2022-04-26
"431",11212,44,28,5,49,33,2022-04-26
"432",15213,62,32,1,63,33,2022-04-26
"433",19123,49,32,1,50,33,2022-04-26
"434",17584,37,30,3,40,33,2022-04-26
"435",20141,43,29,4,47,33,2022-04-26
"436",19119,50,29,4,54,33,2022-04-26
"437",22473,39,24,9,48,33,2022-04-26
"438",22546,49,28,5,54,33,2022-04-26
"439",22508,44,29,4,48,33,2022-04-26
"440",23113,45,31,2,47,33,2022-04-26
"441",23410,36,30,3,39,33,2022-04-26
"442",24018,46,32,1,47,33,2022-04-26
"443",23238,43,29,4,47,33,2022-04-26
"444",28277,57,31,2,59,33,2022-04-26
"445",30809,42,32,1,43,33,2022-04-26
"446",33647,50,32,1,51,33,2022-04-26
"447",11206,55,30,2,57,32,2022-04-26
"448",11218,46,31,1,47,32,2022-04-26
"449",17345,35,28,4,39,32,2022-04-26
"450",17301,31,26,6,37,32,2022-04-26
"451",18940,50,31,1,51,32,2022-04-26
"452",19144,62,31,1,63,32,2022-04-26
"453",19428,43,25,7,50,32,2022-04-26
"454",25434,58,25,7,65,32,2022-04-26
"455",27560,50,30,2,52,32,2022-04-26
"456",26722,45,27,5,50,32,2022-04-26
"457",27513,50,29,3,53,32,2022-04-26
"458",27616,40,28,4,44,32,2022-04-26
"459",29229,46,29,3,49,32,2022-04-26
"460",30096,41,27,5,46,32,2022-04-26
"461",30813,50,28,4,54,32,2022-04-26
"462",11233,46,27,4,50,31,2022-04-26
"463",17019,41,27,4,45,31,2022-04-26
"464",17212,36,27,4,40,31,2022-04-26
"465",19020,41,29,2,43,31,2022-04-26
"466",22551,38,27,4,42,31,2022-04-26
"467",22802,42,29,2,44,31,2022-04-26
"468",26750,38,27,4,42,31,2022-04-26
"469",23453,39,28,3,42,31,2022-04-26
"470",28269,53,29,2,55,31,2022-04-26
"471",33025,48,30,1,49,31,2022-04-26
"472",60657,61,28,3,64,31,2022-04-26
"473",63106,34,27,4,38,31,2022-04-26
"474",92109,37,26,5,42,31,2022-04-26
"475",10801,41,26,4,45,30,2022-04-26
"476",11550,44,29,1,45,30,2022-04-26
"477",15411,41,29,1,42,30,2022-04-26
"478",17015,35,25,5,40,30,2022-04-26
"479",17033,48,29,1,49,30,2022-04-26
"480",24502,48,25,5,53,30,2022-04-26
"481",23235,39,27,3,42,30,2022-04-26
"482",27516,58,29,1,59,30,2022-04-26
"483",29577,45,29,1,46,30,2022-04-26
"484",30349,42,29,1,43,30,2022-04-26
"485",30909,50,29,1,51,30,2022-04-26
"486",32256,47,29,1,48,30,2022-04-26
"487",48105,49,28,2,51,30,2022-04-26
"488",10029,43,27,2,45,29,2022-04-26
"489",11743,43,26,3,46,29,2022-04-26
"490",11385,41,27,2,43,29,2022-04-26
"491",17304,32,28,1,33,29,2022-04-26
"492",17025,44,26,3,47,29,2022-04-26
"493",17224,25,25,4,29,29,2022-04-26
"494",18902,39,26,3,42,29,2022-04-26
"495",19951,39,27,2,41,29,2022-04-26
"496",19946,32,23,6,38,29,2022-04-26
"497",23231,38,24,5,43,29,2022-04-26
"498",24401,46,28,1,47,29,2022-04-26
"499",23228,39,26,3,42,29,2022-04-26
"500",23229,43,27,2,45,29,2022-04-26
"501",23434,46,27,2,48,29,2022-04-26
"502",23832,47,24,5,52,29,2022-04-26
"503",23322,58,24,5,63,29,2022-04-26
"504",23455,47,25,4,51,29,2022-04-26
"505",28314,57,28,1,58,29,2022-04-26
"506",29576,32,24,5,37,29,2022-04-26
"507",10012,43,25,3,46,28,2022-04-26
"508",10028,54,27,1,55,28,2022-04-26
"509",19462,32,27,1,33,28,2022-04-26
"510",19422,46,26,2,48,28,2022-04-26
"511",19606,38,24,4,42,28,2022-04-26
"512",23608,41,27,1,42,28,2022-04-26
"513",27606,55,25,3,58,28,2022-04-26
"514",28403,46,27,1,47,28,2022-04-26
"515",32608,48,25,3,51,28,2022-04-26
"516",10466,35,25,2,37,27,2022-04-26
"517",11413,35,26,1,36,27,2022-04-26
"518",11746,45,25,2,47,27,2022-04-26
"519",18901,45,25,2,47,27,2022-04-26
"520",18966,38,24,3,41,27,2022-04-26
"521",19464,49,26,1,50,27,2022-04-26
"522",19081,38,24,3,41,27,2022-04-26
"523",19120,35,23,4,39,27,2022-04-26
"524",20090,40,26,1,41,27,2022-04-26
"525",26743,36,22,5,41,27,2022-04-26
"526",23602,41,23,4,45,27,2022-04-26
"527",27587,46,26,1,47,27,2022-04-26
"528",26720,42,26,1,43,27,2022-04-26
"529",30318,43,23,4,47,27,2022-04-26
"530",93955,37,25,2,39,27,2022-04-26
"531",10304,34,23,3,37,26,2022-04-26
"532",11003,43,25,1,44,26,2022-04-26
"533",10009,69,25,1,70,26,2022-04-26
"534",10461,34,25,1,35,26,2022-04-26
"535",11510,37,24,2,39,26,2022-04-26
"536",16066,35,24,2,37,26,2022-04-26
"537",15530,33,24,2,35,26,2022-04-26
"538",19003,41,21,5,46,26,2022-04-26
"539",19139,47,24,2,49,26,2022-04-26
"540",19148,42,25,1,43,26,2022-04-26
"541",19111,49,25,1,50,26,2022-04-26
"542",23518,36,19,7,43,26,2022-04-26
"543",33040,53,24,2,55,26,2022-04-26
"544",33186,36,25,1,37,26,2022-04-26
"545",44122,41,22,4,45,26,2022-04-26
"546",96734,37,25,1,38,26,2022-04-26
"547",10036,52,23,2,54,25,2022-04-26
"548",11210,46,24,1,47,25,2022-04-26
"549",15317,36,24,1,37,25,2022-04-26
"550",18360,30,22,3,33,25,2022-04-26
"551",19473,29,21,4,33,25,2022-04-26
"552",19333,36,23,2,38,25,2022-04-26
"553",20013,42,24,1,43,25,2022-04-26
"554",19438,36,23,2,38,25,2022-04-26
"555",27613,45,22,3,48,25,2022-04-26
"556",28216,36,24,1,37,25,2022-04-26
"557",30127,41,22,3,44,25,2022-04-26
"558",30309,42,23,2,44,25,2022-04-26
"559",32225,36,22,3,39,25,2022-04-26
"560",34119,38,22,3,41,25,2022-04-26
"561",10456,36,23,1,37,24,2022-04-26
"562",10708,35,23,1,36,24,2022-04-26
"563",10550,27,22,2,29,24,2022-04-26
"564",11214,42,23,1,43,24,2022-04-26
"565",11691,30,21,3,33,24,2022-04-26
"566",11435,35,23,1,36,24,2022-04-26
"567",19018,32,20,4,36,24,2022-04-26
"568",17042,32,23,1,33,24,2022-04-26
"569",17837,38,19,5,43,24,2022-04-26
"570",18976,26,23,1,27,24,2022-04-26
"571",22656,30,19,5,35,24,2022-04-26
"572",24450,33,21,3,36,24,2022-04-26
"573",23323,38,22,2,40,24,2022-04-26
"574",23418,30,23,1,31,24,2022-04-26
"575",27610,36,22,2,38,24,2022-04-26
"576",26704,28,19,5,33,24,2022-04-26
"577",28311,33,20,4,37,24,2022-04-26
"578",28078,40,21,3,43,24,2022-04-26
"579",29223,29,20,4,33,24,2022-04-26
"580",29579,36,21,3,39,24,2022-04-26
"581",33139,55,20,4,59,24,2022-04-26
"582",33496,38,22,2,40,24,2022-04-26
"583",34135,43,23,1,44,24,2022-04-26
"584",43201,36,21,3,39,24,2022-04-26
"585",48823,28,21,3,31,24,2022-04-26
"586",60614,45,23,1,46,24,2022-04-26
"587",60616,37,23,1,38,24,2022-04-26
"588",93940,37,21,3,40,24,2022-04-26
"589",15564,25,22,1,26,23,2022-04-26
"590",17104,27,19,4,31,23,2022-04-26
"591",17319,26,20,3,29,23,2022-04-26
"592",17512,64,20,3,67,23,2022-04-26
"593",18042,27,20,3,30,23,2022-04-26
"594",19078,26,22,1,27,23,2022-04-26
"595",17309,23,19,4,27,23,2022-04-26
"596",19004,39,21,2,41,23,2022-04-26
"597",19608,36,20,3,39,23,2022-04-26
"598",20106,22,19,4,26,23,2022-04-26
"599",20115,27,19,4,31,23,2022-04-26
"600",20181,31,19,4,35,23,2022-04-26
"601",22712,26,22,1,27,23,2022-04-26
"602",22911,41,22,1,42,23,2022-04-26
"603",23407,39,20,3,42,23,2022-04-26
"604",23502,26,19,4,30,23,2022-04-26
"605",28212,28,21,2,30,23,2022-04-26
"606",30329,39,19,4,43,23,2022-04-26
"607",30022,39,21,2,41,23,2022-04-26
"608",32304,34,21,2,36,23,2022-04-26
"609",30033,36,22,1,37,23,2022-04-26
"610",30319,41,22,1,42,23,2022-04-26
"611",32162,55,22,1,56,23,2022-04-26
"612",33458,26,18,5,31,23,2022-04-26
"613",75028,35,21,2,37,23,2022-04-26
"614",11570,29,20,2,31,22,2022-04-26
"615",15534,28,18,4,32,22,2022-04-26
"616",15459,30,21,1,31,22,2022-04-26
"617",15401,29,18,4,33,22,2022-04-26
"618",19034,26,20,2,28,22,2022-04-26
"619",18104,34,20,2,36,22,2022-04-26
"620",19041,33,20,2,35,22,2022-04-26
"621",19046,43,21,1,44,22,2022-04-26
"622",19053,37,18,4,41,22,2022-04-26
"623",18411,21,17,5,26,22,2022-04-26
"624",19085,25,17,5,30,22,2022-04-26
"625",19132,30,19,3,33,22,2022-04-26
"626",19106,40,20,2,42,22,2022-04-26
"627",19145,37,20,2,39,22,2022-04-26
"628",19706,28,20,2,30,22,2022-04-26
"629",23294,34,21,1,35,22,2022-04-26
"630",23302,31,19,3,34,22,2022-04-26
"631",23606,29,19,3,32,22,2022-04-26
"632",27104,25,19,3,28,22,2022-04-26
"633",27502,36,20,2,38,22,2022-04-26
"634",29466,35,19,3,38,22,2022-04-26
"635",32765,30,20,2,32,22,2022-04-26
"636",33511,30,20,2,32,22,2022-04-26
"637",44118,35,20,2,37,22,2022-04-26
"638",48103,42,20,2,44,22,2022-04-26
"639",60622,37,20,2,39,22,2022-04-26
"640",90025,41,21,1,42,22,2022-04-26
"641",96818,35,20,2,37,22,2022-04-26
"642",94109,44,20,2,46,22,2022-04-26
"643",96815,27,21,1,28,22,2022-04-26
"644",11231,36,19,2,38,21,2022-04-26
"645",10598,28,19,2,30,21,2022-04-26
"646",11368,36,20,1,37,21,2022-04-26
"647",10469,26,15,6,32,21,2022-04-26
"648",11229,33,18,3,36,21,2022-04-26
"649",15538,21,16,5,26,21,2022-04-26
"650",15232,32,20,1,33,21,2022-04-26
"651",17545,26,17,4,30,21,2022-04-26
"652",18062,25,18,3,28,21,2022-04-26
"653",17368,22,16,5,27,21,2022-04-26
"654",19090,23,19,2,25,21,2022-04-26
"655",24501,31,20,1,32,21,2022-04-26
"656",22625,21,14,7,28,21,2022-04-26
"657",23513,25,17,4,29,21,2022-04-26
"658",23420,29,19,2,31,21,2022-04-26
"659",24073,27,19,2,29,21,2022-04-26
"660",27510,33,20,1,34,21,2022-04-26
"661",27407,35,18,3,38,21,2022-04-26
"662",30043,40,19,2,42,21,2022-04-26
"663",32259,39,20,1,40,21,2022-04-26
"664",33404,25,16,5,30,21,2022-04-26
"665",33411,24,18,3,27,21,2022-04-26
"666",47401,37,20,1,38,21,2022-04-26
"667",92101,36,18,3,39,21,2022-04-26
"668",10022,35,18,2,37,20,2022-04-26
"669",10031,38,19,1,39,20,2022-04-26
"670",10065,48,19,1,49,20,2022-04-26
"671",10014,44,16,4,48,20,2022-04-26
"672",11209,34,18,2,36,20,2022-04-26
"673",10017,29,15,5,34,20,2022-04-26
"674",11520,34,19,1,35,20,2022-04-26
"675",15241,28,18,2,30,20,2022-04-26
"676",15642,23,18,2,25,20,2022-04-26
"677",16602,23,18,2,25,20,2022-04-26
"678",15237,33,19,1,34,20,2022-04-26
"679",16823,26,18,2,28,20,2022-04-26
"680",17057,33,18,2,35,20,2022-04-26
"681",19015,30,19,1,31,20,2022-04-26
"682",18301,33,18,2,35,20,2022-04-26
"683",19941,27,18,2,29,20,2022-04-26
"684",19301,25,17,3,28,20,2022-04-26
"685",19124,30,18,2,32,20,2022-04-26
"686",19310,20,17,3,23,20,2022-04-26
"687",19072,37,19,1,38,20,2022-04-26
"688",19365,20,19,1,21,20,2022-04-26
"689",19465,27,17,3,30,20,2022-04-26
"690",23227,26,18,2,28,20,2022-04-26
"691",26301,29,17,3,32,20,2022-04-26
"692",23805,30,19,1,31,20,2022-04-26
"693",27517,40,17,3,43,20,2022-04-26
"694",29464,35,19,1,36,20,2022-04-26
"695",32137,31,18,2,33,20,2022-04-26
"696",33062,39,19,1,40,20,2022-04-26
"697",32835,25,17,3,28,20,2022-04-26
"698",33410,44,18,2,46,20,2022-04-26
"699",32940,35,19,1,36,20,2022-04-26
"700",33156,38,17,3,41,20,2022-04-26
"701",33480,36,19,1,37,20,2022-04-26
"702",37027,23,15,5,28,20,2022-04-26
"703",60201,42,18,2,44,20,2022-04-26
"704",77399,37,12,8,45,20,2022-04-26
"705",78248,19,16,4,23,20,2022-04-26
"706",94025,25,15,5,30,20,2022-04-26
"707",10463,38,17,2,40,19,2022-04-26
"708",11101,40,18,1,41,19,2022-04-26
"709",10573,24,18,1,25,19,2022-04-26
"710",10452,29,18,1,30,19,2022-04-26
"711",12866,24,17,2,26,19,2022-04-26
"712",11434,34,17,2,36,19,2022-04-26
"713",11566,24,18,1,25,19,2022-04-26
"714",12345,26,17,2,28,19,2022-04-26
"715",15044,24,14,5,29,19,2022-04-26
"716",17339,19,17,2,21,19,2022-04-26
"717",18015,31,17,2,33,19,2022-04-26
"718",17536,24,17,2,26,19,2022-04-26
"719",18974,30,17,2,32,19,2022-04-26
"720",18017,22,17,2,24,19,2022-04-26
"721",18103,24,17,2,26,19,2022-04-26
"722",17552,25,18,1,26,19,2022-04-26
"723",19013,29,16,3,32,19,2022-04-26
"724",19035,24,17,2,26,19,2022-04-26
"725",19127,28,17,2,30,19,2022-04-26
"726",20144,22,17,2,24,19,2022-04-26
"727",19440,28,18,1,29,19,2022-04-26
"728",23426,21,17,2,23,19,2022-04-26
"729",24551,29,18,1,30,19,2022-04-26
"730",23413,16,7,12,28,19,2022-04-26
"731",23114,26,18,1,27,19,2022-04-26
"732",27265,32,18,1,33,19,2022-04-26
"733",27405,31,17,2,33,19,2022-04-26
"734",27607,22,16,3,25,19,2022-04-26
"735",27615,28,17,2,30,19,2022-04-26
"736",29526,33,16,3,36,19,2022-04-26
"737",33027,35,18,1,36,19,2022-04-26
"738",33437,41,14,5,46,19,2022-04-26
"739",34102,41,18,1,42,19,2022-04-26
"740",33414,39,17,2,41,19,2022-04-26
"741",35806,21,18,1,22,19,2022-04-26
"742",63017,40,18,1,41,19,2022-04-26
"743",77450,27,17,2,29,19,2022-04-26
"744",77494,29,16,3,32,19,2022-04-26
"745",85281,48,18,1,49,19,2022-04-26
"746",95134,32,18,1,33,19,2022-04-26
"747",10314,31,17,1,32,18,2022-04-26
"748",10032,38,16,2,40,18,2022-04-26
"749",11103,36,17,1,37,18,2022-04-26
"750",11372,27,17,1,28,18,2022-04-26
"751",15090,28,16,2,30,18,2022-04-26
"752",15601,33,16,2,35,18,2022-04-26
"753",15540,38,17,1,39,18,2022-04-26
"754",19040,21,15,3,24,18,2022-04-26
"755",19102,32,17,1,33,18,2022-04-26
"756",19601,24,17,1,25,18,2022-04-26
"757",20135,23,17,1,24,18,2022-04-26
"758",19141,36,17,1,37,18,2022-04-26
"759",19343,22,15,3,25,18,2022-04-26
"760",20143,24,17,1,25,18,2022-04-26
"761",19931,20,14,4,24,18,2022-04-26
"762",20117,24,17,1,25,18,2022-04-26
"763",23226,23,15,3,26,18,2022-04-26
"764",23093,24,16,2,26,18,2022-04-26
"765",25801,24,16,2,26,18,2022-04-26
"766",26292,39,17,1,40,18,2022-04-26
"767",23236,27,15,3,30,18,2022-04-26
"768",23838,19,17,1,20,18,2022-04-26
"769",26537,26,17,1,27,18,2022-04-26
"770",27540,30,16,2,32,18,2022-04-26
"771",27858,24,15,3,27,18,2022-04-26
"772",28262,25,15,3,28,18,2022-04-26
"773",28532,18,15,3,21,18,2022-04-26
"774",28546,30,13,5,35,18,2022-04-26
"775",29414,27,15,3,30,18,2022-04-26
"776",28227,23,16,2,25,18,2022-04-26
"777",30030,27,16,2,29,18,2022-04-26
"778",30032,23,14,4,27,18,2022-04-26
"779",29501,25,17,1,26,18,2022-04-26
"780",30083,25,16,2,27,18,2022-04-26
"781",32164,35,17,1,36,18,2022-04-26
"782",33134,32,13,5,37,18,2022-04-26
"783",33024,37,17,1,38,18,2022-04-26
"784",33178,40,16,2,42,18,2022-04-26
"785",33021,30,16,2,32,18,2022-04-26
"786",33606,28,17,1,29,18,2022-04-26
"787",33928,36,17,1,37,18,2022-04-26
"788",48197,22,17,1,23,18,2022-04-26
"789",60640,43,17,1,44,18,2022-04-26
"790",77479,30,15,3,33,18,2022-04-26
"791",76542,30,16,2,32,18,2022-04-26
"792",92037,33,16,2,35,18,2022-04-26
"793",11040,29,16,1,30,17,2022-04-26
"794",10030,25,14,3,28,17,2022-04-26
"795",10457,21,16,1,22,17,2022-04-26
"796",11357,20,16,1,21,17,2022-04-26
"797",10301,23,16,1,24,17,2022-04-26
"798",10451,23,16,1,24,17,2022-04-26
"799",11222,33,16,1,34,17,2022-04-26
"800",10458,28,16,1,29,17,2022-04-26
"801",11801,32,16,1,33,17,2022-04-26
"802",19008,34,16,1,35,17,2022-04-26
"803",17701,24,15,2,26,17,2022-04-26
"804",19006,28,15,2,30,17,2022-04-26
"805",20064,22,16,1,23,17,2022-04-26
"806",19116,23,16,1,24,17,2022-04-26
"807",19134,23,16,1,24,17,2022-04-26
"808",20137,21,15,2,23,17,2022-04-26
"809",19444,25,16,1,26,17,2022-04-26
"810",22448,28,13,4,32,17,2022-04-26
"811",23061,15,11,6,21,17,2022-04-26
"812",28412,23,15,2,25,17,2022-04-26
"813",28562,26,16,1,27,17,2022-04-26
"814",32303,24,14,3,27,17,2022-04-26
"815",30067,25,16,1,26,17,2022-04-26
"816",31909,19,15,2,21,17,2022-04-26
"817",32174,20,13,4,24,17,2022-04-26
"818",32825,21,14,3,24,17,2022-04-26
"819",32963,49,14,3,52,17,2022-04-26
"820",33316,25,16,1,26,17,2022-04-26
"821",32819,24,16,1,25,17,2022-04-26
"822",33023,29,16,1,30,17,2022-04-26
"823",33071,21,15,2,23,17,2022-04-26
"824",33157,24,15,2,26,17,2022-04-26
"825",33477,34,16,1,35,17,2022-04-26
"826",33913,25,16,1,26,17,2022-04-26
"827",45040,24,14,3,27,17,2022-04-26
"828",63108,52,11,6,58,17,2022-04-26
"829",77005,27,16,1,28,17,2022-04-26
"830",77459,28,14,3,31,17,2022-04-26
"831",94608,29,14,3,32,17,2022-04-26
"832",95014,24,16,1,25,17,2022-04-26
"833",99352,20,16,1,21,17,2022-04-26
"834",10465,15,13,3,18,16,2022-04-26
"835",11367,26,15,1,27,16,2022-04-26
"836",10605,25,15,1,26,16,2022-04-26
"837",10033,18,14,2,20,16,2022-04-26
"838",10468,18,12,4,22,16,2022-04-26
"839",11717,23,15,1,24,16,2022-04-26
"840",11787,26,15,1,27,16,2022-04-26
"841",14623,21,15,1,22,16,2022-04-26
"842",13905,20,14,2,22,16,2022-04-26
"843",14534,28,15,1,29,16,2022-04-26
"844",17102,19,13,3,22,16,2022-04-26
"845",19036,19,13,3,22,16,2022-04-26
"846",19351,18,15,1,19,16,2022-04-26
"847",19954,16,14,2,18,16,2022-04-26
"848",19610,28,15,1,29,16,2022-04-26
"849",20158,26,15,1,27,16,2022-04-26
"850",23219,25,14,2,27,16,2022-04-26
"851",27409,20,15,1,21,16,2022-04-26
"852",28451,29,15,1,30,16,2022-04-26
"853",28405,24,15,1,25,16,2022-04-26
"854",29403,26,14,2,28,16,2022-04-26
"855",29485,24,13,3,27,16,2022-04-26
"856",30345,23,15,1,24,16,2022-04-26
"857",29910,32,14,2,34,16,2022-04-26
"858",30324,33,12,4,37,16,2022-04-26
"859",31313,20,14,2,22,16,2022-04-26
"860",32244,23,15,1,24,16,2022-04-26
"861",32828,27,12,4,31,16,2022-04-26
"862",33179,30,14,2,32,16,2022-04-26
"863",32817,20,14,2,22,16,2022-04-26
"864",33312,29,15,1,30,16,2022-04-26
"865",33428,23,13,3,26,16,2022-04-26
"866",33324,26,15,1,27,16,2022-04-26
"867",33433,42,15,1,43,16,2022-04-26
"868",34293,36,15,1,37,16,2022-04-26
"869",34711,28,14,2,30,16,2022-04-26
"870",60647,35,15,1,36,16,2022-04-26
"871",92122,32,14,2,34,16,2022-04-26
"872",10956,21,14,1,22,15,2022-04-26
"873",10453,23,14,1,24,15,2022-04-26
"874",10710,20,14,1,21,15,2022-04-26
"875",11733,18,14,1,19,15,2022-04-26
"876",15532,18,13,2,20,15,2022-04-26
"877",16601,15,12,3,18,15,2022-04-26
"878",15501,20,11,4,24,15,2022-04-26
"879",16648,14,12,3,17,15,2022-04-26
"880",17364,16,14,1,17,15,2022-04-26
"881",18944,21,12,3,24,15,2022-04-26
"882",18964,16,13,2,18,15,2022-04-26
"883",19114,28,13,2,30,15,2022-04-26
"884",19475,20,13,2,22,15,2022-04-26
"885",20044,18,14,1,19,15,2022-04-26
"886",20201,14,14,1,15,15,2022-04-26
"887",22572,16,12,3,19,15,2022-04-26
"888",22835,20,14,1,21,15,2022-04-26
"889",23324,19,14,1,20,15,2022-04-26
"890",23701,32,14,1,33,15,2022-04-26
"891",26287,23,13,2,25,15,2022-04-26
"892",22657,23,13,2,25,15,2022-04-26
"893",23139,15,11,4,19,15,2022-04-26
"894",23503,28,13,2,30,15,2022-04-26
"895",27603,30,13,2,32,15,2022-04-26
"896",27612,22,12,3,25,15,2022-04-26
"897",28027,28,13,2,30,15,2022-04-26
"898",28270,25,14,1,26,15,2022-04-26
"899",27948,17,12,3,20,15,2022-04-26
"900",28215,21,14,1,22,15,2022-04-26
"901",28348,18,13,2,20,15,2022-04-26
"902",30213,24,14,1,25,15,2022-04-26
"903",30316,26,14,1,27,15,2022-04-26
"904",30331,34,14,1,35,15,2022-04-26
"905",29585,19,13,2,21,15,2022-04-26
"906",29566,20,13,2,22,15,2022-04-26
"907",29582,24,13,2,26,15,2022-04-26
"908",30084,28,13,2,30,15,2022-04-26
"909",32034,36,14,1,37,15,2022-04-26
"910",30058,26,14,1,27,15,2022-04-26
"911",32092,21,12,3,24,15,2022-04-26
"912",32080,17,11,4,21,15,2022-04-26
"913",32607,24,14,1,25,15,2022-04-26
"914",32792,27,13,2,29,15,2022-04-26
"915",32901,22,13,2,24,15,2022-04-26
"916",33304,31,14,1,32,15,2022-04-26
"917",33463,23,14,1,24,15,2022-04-26
"918",35758,22,13,2,24,15,2022-04-26
"919",34242,17,10,5,22,15,2022-04-26
"920",34953,24,14,1,25,15,2022-04-26
"921",43210,16,14,1,17,15,2022-04-26
"922",44107,21,14,1,22,15,2022-04-26
"923",43202,23,14,1,24,15,2022-04-26
"924",60015,18,14,1,19,15,2022-04-26
"925",75013,24,14,1,25,15,2022-04-26
"926",77095,25,10,5,30,15,2022-04-26
"927",90007,28,13,2,30,15,2022-04-26
"928",92009,23,13,2,25,15,2022-04-26
"929",92130,25,14,1,26,15,2022-04-26
"930",94087,20,13,2,22,15,2022-04-26
"931",10038,32,13,1,33,14,2022-04-26
"932",10472,19,13,1,20,14,2022-04-26
"933",10538,24,13,1,25,14,2022-04-26
"934",11358,21,13,1,22,14,2022-04-26
"935",10701,27,13,1,28,14,2022-04-26
"936",10704,15,13,1,16,14,2022-04-26
"937",12065,26,13,1,27,14,2022-04-26
"938",15001,13,10,4,17,14,2022-04-26
"939",15102,17,13,1,18,14,2022-04-26
"940",14127,16,13,1,17,14,2022-04-26
"941",15701,15,12,2,17,14,2022-04-26
"942",16802,17,13,1,18,14,2022-04-26
"943",17579,13,12,2,15,14,2022-04-26
"944",18049,18,12,2,20,14,2022-04-26
"945",18064,19,12,2,21,14,2022-04-26
"946",17517,13,11,3,16,14,2022-04-26
"947",17372,19,13,1,20,14,2022-04-26
"948",17557,12,11,3,15,14,2022-04-26
"949",19152,27,13,1,28,14,2022-04-26
"950",19140,22,13,1,23,14,2022-04-26
"951",23601,21,13,1,22,14,2022-04-26
"952",24153,19,13,1,20,14,2022-04-26
"953",25446,16,13,1,17,14,2022-04-26
"954",23414,17,11,3,20,14,2022-04-26
"955",23350,32,13,1,33,14,2022-04-26
"956",27520,22,13,1,23,14,2022-04-26
"957",28104,21,12,2,23,14,2022-04-26
"958",28117,29,13,1,30,14,2022-04-26
"959",28205,27,12,2,29,14,2022-04-26
"960",29150,18,13,1,19,14,2022-04-26
"961",28461,26,12,2,28,14,2022-04-26
"962",29483,19,11,3,22,14,2022-04-26
"963",29572,20,13,1,21,14,2022-04-26
"964",30005,22,12,2,24,14,2022-04-26
"965",29909,26,13,1,27,14,2022-04-26
"966",30052,28,13,1,29,14,2022-04-26
"967",32084,25,10,4,29,14,2022-04-26
"968",30253,18,13,1,19,14,2022-04-26
"969",32257,16,10,4,20,14,2022-04-26
"970",33050,23,13,1,24,14,2022-04-26
"971",32780,23,12,2,25,14,2022-04-26
"972",33029,18,13,1,19,14,2022-04-26
"973",33131,26,12,2,28,14,2022-04-26
"974",33162,17,13,1,18,14,2022-04-26
"975",33067,14,12,2,16,14,2022-04-26
"976",33076,21,12,2,23,14,2022-04-26
"977",33140,24,13,1,25,14,2022-04-26
"978",33311,21,13,1,22,14,2022-04-26
"979",33613,25,13,1,26,14,2022-04-26
"980",34747,23,13,1,24,14,2022-04-26
"981",34997,38,13,1,39,14,2022-04-26
"982",37211,23,13,1,24,14,2022-04-26
"983",46032,19,13,1,20,14,2022-04-26
"984",46038,16,13,1,17,14,2022-04-26
"985",46202,19,12,2,21,14,2022-04-26
"986",57719,29,11,3,32,14,2022-04-26
"987",75052,21,13,1,22,14,2022-04-26
"988",75093,21,12,2,23,14,2022-04-26
"989",78249,22,12,2,24,14,2022-04-26
"990",90403,20,11,3,23,14,2022-04-26
"991",92024,18,13,1,19,14,2022-04-26
"992",90064,21,12,2,23,14,2022-04-26
"993",90066,27,13,1,28,14,2022-04-26
"994",94501,22,13,1,23,14,2022-04-26
"995",94115,29,12,2,31,14,2022-04-26
"996",96761,15,13,1,16,14,2022-04-26
"997",94704,27,13,1,28,14,2022-04-26
"998",95687,18,13,1,19,14,2022-04-26
"999",98115,22,12,2,24,14,2022-04-26
"1000",11217,34,12,1,35,13,2022-04-26
"1001",11365,24,12,1,25,13,2022-04-26
"1002",10039,27,12,1,28,13,2022-04-26
"1003",10952,19,12,1,20,13,2022-04-26
"1004",11102,28,12,1,29,13,2022-04-26
"1005",12203,21,12,1,22,13,2022-04-26
"1006",14051,16,12,1,17,13,2022-04-26
"1007",15101,16,11,2,18,13,2022-04-26
"1008",15202,23,12,1,24,13,2022-04-26
"1009",15106,15,12,1,16,13,2022-04-26
"1010",15108,20,12,1,21,13,2022-04-26
"1011",15205,21,11,2,23,13,2022-04-26
"1012",17370,11,10,3,14,13,2022-04-26
"1013",15905,23,11,2,25,13,2022-04-26
"1014",19001,21,11,2,23,13,2022-04-26
"1015",17532,18,10,3,21,13,2022-04-26
"1016",18954,15,11,2,17,13,2022-04-26
"1017",19115,25,12,1,26,13,2022-04-26
"1018",22503,16,12,1,17,13,2022-04-26
"1019",23427,22,12,1,23,13,2022-04-26
"1020",23668,16,12,1,17,13,2022-04-26
"1021",24141,19,9,4,23,13,2022-04-26
"1022",27893,20,11,2,22,13,2022-04-26
"1023",28326,19,12,1,20,13,2022-04-26
"1024",29210,19,12,1,20,13,2022-04-26
"1025",30062,27,12,1,28,13,2022-04-26
"1026",30080,25,11,2,27,13,2022-04-26
"1027",30281,26,12,1,27,13,2022-04-26
"1028",29455,25,12,1,26,13,2022-04-26
"1029",29588,20,10,3,23,13,2022-04-26
"1030",32218,22,11,2,24,13,2022-04-26
"1031",32789,20,12,1,21,13,2022-04-26
"1032",30024,27,12,1,28,13,2022-04-26
"1033",30907,20,12,1,21,13,2022-04-26
"1034",32128,20,12,1,21,13,2022-04-26
"1035",32216,15,12,1,16,13,2022-04-26
"1036",33068,20,12,1,21,13,2022-04-26
"1037",33149,19,12,1,20,13,2022-04-26
"1038",33133,30,12,1,31,13,2022-04-26
"1039",33705,18,12,1,19,13,2022-04-26
"1040",33486,19,12,1,20,13,2022-04-26
"1041",34145,27,10,3,30,13,2022-04-26
"1042",33914,13,6,7,20,13,2022-04-26
"1043",34202,30,11,2,32,13,2022-04-26
"1044",34285,15,11,2,17,13,2022-04-26
"1045",34683,15,11,2,17,13,2022-04-26
"1046",34787,28,11,2,30,13,2022-04-26
"1047",34990,19,11,2,21,13,2022-04-26
"1048",34110,25,12,1,26,13,2022-04-26
"1049",34744,17,12,1,18,13,2022-04-26
"1050",34987,19,12,1,20,13,2022-04-26
"1051",43224,16,11,2,18,13,2022-04-26
"1052",48188,23,11,2,25,13,2022-04-26
"1053",44106,28,12,1,29,13,2022-04-26
"1054",60047,15,12,1,16,13,2022-04-26
"1055",60091,22,12,1,23,13,2022-04-26
"1056",70118,29,10,3,32,13,2022-04-26
"1057",75067,18,12,1,19,13,2022-04-26
"1058",76244,18,11,2,20,13,2022-04-26
"1059",77407,20,12,1,21,13,2022-04-26
"1060",77433,17,12,1,18,13,2022-04-26
"1061",78704,28,11,2,30,13,2022-04-26
"1062",87111,22,10,3,25,13,2022-04-26
"1063",85282,16,12,1,17,13,2022-04-26
"1064",85750,22,12,1,23,13,2022-04-26
"1065",90046,22,9,4,26,13,2022-04-26
"1066",92110,14,12,1,15,13,2022-04-26
"1067",94114,19,9,4,23,13,2022-04-26
"1068",96782,14,10,3,17,13,2022-04-26
"1069",98122,27,11,2,29,13,2022-04-26
"1070",99301,17,12,1,18,13,2022-04-26
"1071",98121,25,11,2,27,13,2022-04-26
"1072",10018,27,11,1,28,12,2022-04-26
"1073",10570,14,11,1,15,12,2022-04-26
"1074",11420,14,11,1,15,12,2022-04-26
"1075",10543,21,10,2,23,12,2022-04-26
"1076",11429,19,10,2,21,12,2022-04-26
"1077",11701,16,11,1,17,12,2022-04-26
"1078",11754,19,11,1,20,12,2022-04-26
"1079",11756,15,11,1,16,12,2022-04-26
"1080",11788,12,11,1,13,12,2022-04-26
"1081",12208,13,11,1,14,12,2022-04-26
"1082",15218,13,11,1,14,12,2022-04-26
"1083",15227,12,10,2,14,12,2022-04-26
"1084",15239,16,11,1,17,12,2022-04-26
"1085",17043,14,10,2,16,12,2022-04-26
"1086",15235,17,10,2,19,12,2022-04-26
"1087",17256,9,8,4,13,12,2022-04-26
"1088",18040,16,11,1,17,12,2022-04-26
"1089",18505,18,11,1,19,12,2022-04-26
"1090",18702,17,10,2,19,12,2022-04-26
"1091",19118,29,11,1,30,12,2022-04-26
"1092",19508,14,10,2,16,12,2022-04-26
"1093",22947,14,11,1,15,12,2022-04-26
"1094",23483,17,10,2,19,12,2022-04-26
"1095",24017,17,11,1,18,12,2022-04-26
"1096",24503,22,9,3,25,12,2022-04-26
"1097",22560,18,11,1,19,12,2022-04-26
"1098",23847,13,10,2,15,12,2022-04-26
"1099",26354,11,10,2,13,12,2022-04-26
"1100",23357,15,11,1,16,12,2022-04-26
"1101",26444,14,11,1,15,12,2022-04-26
"1102",27106,25,11,1,26,12,2022-04-26
"1103",27284,15,10,2,17,12,2022-04-26
"1104",27870,13,10,2,15,12,2022-04-26
"1105",28217,22,11,1,23,12,2022-04-26
"1106",28278,21,10,2,23,12,2022-04-26
"1107",28409,14,11,1,15,12,2022-04-26
"1108",30097,15,11,1,16,12,2022-04-26
"1109",29072,18,11,1,19,12,2022-04-26
"1110",30087,20,11,1,21,12,2022-04-26
"1111",30350,22,10,2,24,12,2022-04-26
"1112",31401,19,10,2,21,12,2022-04-26
"1113",31419,18,11,1,19,12,2022-04-26
"1114",32003,17,11,1,18,12,2022-04-26
"1115",32536,28,11,1,29,12,2022-04-26
"1116",32703,12,9,3,15,12,2022-04-26
"1117",30342,21,11,1,22,12,2022-04-26
"1118",30341,19,11,1,20,12,2022-04-26
"1119",30906,21,10,2,23,12,2022-04-26
"1120",32127,14,9,3,17,12,2022-04-26
"1121",31406,16,11,1,17,12,2022-04-26
"1122",32566,23,9,3,26,12,2022-04-26
"1123",32907,16,10,2,18,12,2022-04-26
"1124",33009,16,9,3,19,12,2022-04-26
"1125",33180,26,11,1,27,12,2022-04-26
"1126",33308,31,11,1,32,12,2022-04-26
"1127",33401,40,11,1,41,12,2022-04-26
"1128",33462,22,10,2,24,12,2022-04-26
"1129",32955,18,8,4,22,12,2022-04-26
"1130",33434,18,11,1,19,12,2022-04-26
"1131",34236,17,10,2,19,12,2022-04-26
"1132",33432,30,11,1,31,12,2022-04-26
"1133",34786,19,11,1,20,12,2022-04-26
"1134",33626,20,11,1,21,12,2022-04-26
"1135",34746,22,7,5,27,12,2022-04-26
"1136",37212,20,10,2,22,12,2022-04-26
"1137",43081,29,10,2,31,12,2022-04-26
"1138",43215,16,10,2,18,12,2022-04-26
"1139",43230,25,11,1,26,12,2022-04-26
"1140",48075,23,10,2,25,12,2022-04-26
"1141",55347,16,11,1,17,12,2022-04-26
"1142",60605,29,11,1,30,12,2022-04-26
"1143",60613,24,11,1,25,12,2022-04-26
"1144",61801,21,9,3,24,12,2022-04-26
"1145",75056,23,10,2,25,12,2022-04-26
"1146",75070,18,11,1,19,12,2022-04-26
"1147",75204,23,11,1,24,12,2022-04-26
"1148",77030,18,11,1,19,12,2022-04-26
"1149",78245,24,11,1,25,12,2022-04-26
"1150",78745,16,11,1,17,12,2022-04-26
"1151",80020,17,11,1,18,12,2022-04-26
"1152",90405,18,11,1,19,12,2022-04-26
"1153",90045,23,9,3,26,12,2022-04-26
"1154",90034,24,11,1,25,12,2022-04-26
"1155",91335,14,10,2,16,12,2022-04-26
"1156",92648,20,9,3,23,12,2022-04-26
"1157",94610,18,9,3,21,12,2022-04-26
"1158",94404,15,11,1,16,12,2022-04-26
"1159",99336,11,11,1,12,12,2022-04-26
"1160",11106,20,10,1,21,11,2022-04-26
"1161",11249,32,10,1,33,11,2022-04-26
"1162",10580,16,10,1,17,11,2022-04-26
"1163",10901,18,8,3,21,11,2022-04-26
"1164",10026,31,10,1,32,11,2022-04-26
"1165",10475,15,9,2,17,11,2022-04-26
"1166",10510,14,9,2,16,11,2022-04-26
"1167",11563,16,10,1,17,11,2022-04-26
"1168",11725,13,9,2,15,11,2022-04-26
"1169",11768,11,10,1,12,11,2022-04-26
"1170",11790,17,9,2,19,11,2022-04-26
"1171",12054,16,10,1,17,11,2022-04-26
"1172",15212,18,7,4,22,11,2022-04-26
"1173",14450,13,9,2,15,11,2022-04-26
"1174",15238,21,10,1,22,11,2022-04-26
"1175",15219,15,9,2,17,11,2022-04-26
"1176",17007,15,9,2,17,11,2022-04-26
"1177",17554,13,10,1,14,11,2022-04-26
"1178",18034,14,10,1,15,11,2022-04-26
"1179",18302,10,8,3,13,11,2022-04-26
"1180",20198,11,6,5,16,11,2022-04-26
"1181",20118,12,10,1,13,11,2022-04-26
"1182",20027,12,9,2,14,11,2022-04-26
"1183",20060,13,10,1,14,11,2022-04-26
"1184",20122,12,10,1,13,11,2022-04-26
"1185",22620,15,8,3,18,11,2022-04-26
"1186",23901,14,9,2,16,11,2022-04-26
"1187",26425,20,9,2,22,11,2022-04-26
"1188",23664,15,9,2,17,11,2022-04-26
"1189",24012,16,10,1,17,11,2022-04-26
"1190",24014,19,10,1,20,11,2022-04-26
"1191",25402,12,8,3,15,11,2022-04-26
"1192",23325,17,10,1,18,11,2022-04-26
"1193",23441,17,10,1,18,11,2022-04-26
"1194",23509,17,10,1,18,11,2022-04-26
"1195",23237,21,10,1,22,11,2022-04-26
"1196",24740,11,9,2,13,11,2022-04-26
"1197",27101,16,8,3,19,11,2022-04-26
"1198",27278,13,9,2,15,11,2022-04-26
"1199",26519,15,10,1,16,11,2022-04-26
"1200",27834,17,9,2,19,11,2022-04-26
"1201",28105,23,10,1,24,11,2022-04-26
"1202",28110,11,10,1,12,11,2022-04-26
"1203",28411,17,10,1,18,11,2022-04-26
"1204",29730,10,8,3,13,11,2022-04-26
"1205",30114,13,9,2,15,11,2022-04-26
"1206",30126,23,10,1,24,11,2022-04-26
"1207",30144,20,10,1,21,11,2022-04-26
"1208",30305,19,9,2,21,11,2022-04-26
"1209",30338,21,10,1,22,11,2022-04-26
"1210",30606,16,9,2,18,11,2022-04-26
"1211",31324,26,10,1,27,11,2022-04-26
"1212",31088,23,10,1,24,11,2022-04-26
"1213",32224,17,9,2,19,11,2022-04-26
"1214",32073,12,8,3,15,11,2022-04-26
"1215",32163,29,10,1,30,11,2022-04-26
"1216",32578,16,9,2,18,11,2022-04-26
"1217",32931,17,10,1,18,11,2022-04-26
"1218",33026,16,9,2,18,11,2022-04-26
"1219",33301,33,9,2,35,11,2022-04-26
"1220",32903,13,9,2,15,11,2022-04-26
"1221",33445,21,10,1,22,11,2022-04-26
"1222",33614,12,10,1,13,11,2022-04-26
"1223",37920,10,9,2,12,11,2022-04-26
"1224",44060,14,10,1,15,11,2022-04-26
"1225",48322,10,9,2,12,11,2022-04-26
"1226",55125,13,10,1,14,11,2022-04-26
"1227",60618,19,10,1,20,11,2022-04-26
"1228",60625,21,10,1,22,11,2022-04-26
"1229",60642,14,10,1,15,11,2022-04-26
"1230",60564,15,10,1,16,11,2022-04-26
"1231",70809,13,10,1,14,11,2022-04-26
"1232",76051,20,10,1,21,11,2022-04-26
"1233",76549,19,9,2,21,11,2022-04-26
"1234",77083,16,10,1,17,11,2022-04-26
"1235",80205,17,10,1,18,11,2022-04-26
"1236",90036,28,10,1,29,11,2022-04-26
"1237",85719,21,7,4,25,11,2022-04-26
"1238",87114,14,10,1,15,11,2022-04-26
"1239",90011,11,10,1,12,11,2022-04-26
"1240",90278,15,9,2,17,11,2022-04-26
"1241",90250,21,10,1,22,11,2022-04-26
"1242",91320,18,10,1,19,11,2022-04-26
"1243",92104,22,9,2,24,11,2022-04-26
"1244",92620,16,10,1,17,11,2022-04-26
"1245",91789,11,10,1,12,11,2022-04-26
"1246",93117,19,10,1,20,11,2022-04-26
"1247",94103,30,10,1,31,11,2022-04-26
"1248",96701,13,9,2,15,11,2022-04-26
"1249",10940,17,9,1,18,10,2022-04-26
"1250",10566,14,9,1,15,10,2022-04-26
"1251",11023,11,9,1,12,10,2022-04-26
"1252",10034,18,8,2,20,10,2022-04-26
"1253",10567,13,9,1,14,10,2022-04-26
"1254",11747,14,9,1,15,10,2022-04-26
"1255",12533,13,9,1,14,10,2022-04-26
"1256",11741,19,7,3,22,10,2022-04-26
"1257",11735,18,9,1,19,10,2022-04-26
"1258",11721,12,9,1,13,10,2022-04-26
"1259",11772,12,8,2,14,10,2022-04-26
"1260",12590,17,9,1,18,10,2022-04-26
"1261",14226,11,9,1,12,10,2022-04-26
"1262",15367,19,9,1,20,10,2022-04-26
"1263",15533,8,8,2,10,10,2022-04-26
"1264",17235,11,9,1,12,10,2022-04-26
"1265",17113,14,9,1,15,10,2022-04-26
"1266",17067,10,9,1,11,10,2022-04-26
"1267",17324,9,7,3,12,10,2022-04-26
"1268",17540,8,6,4,12,10,2022-04-26
"1269",17560,12,7,3,15,10,2022-04-26
"1270",18969,8,8,2,10,10,2022-04-26
"1271",18036,10,9,1,11,10,2022-04-26
"1272",19153,13,9,1,14,10,2022-04-26
"1273",20207,13,9,1,14,10,2022-04-26
"1274",19518,14,9,1,15,10,2022-04-26
"1275",22624,9,8,2,11,10,2022-04-26
"1276",24015,12,9,1,13,10,2022-04-26
"1277",23075,14,9,1,15,10,2022-04-26
"1278",23834,14,9,1,15,10,2022-04-26
"1279",24586,7,6,4,11,10,2022-04-26
"1280",23605,13,8,2,15,10,2022-04-26
"1281",26847,13,7,3,16,10,2022-04-26
"1282",27401,14,9,1,15,10,2022-04-26
"1283",27403,11,9,1,12,10,2022-04-26
"1284",27107,9,7,3,12,10,2022-04-26
"1285",27455,13,9,1,14,10,2022-04-26
"1286",27302,15,8,2,17,10,2022-04-26
"1287",27511,17,6,4,21,10,2022-04-26
"1288",27609,22,9,1,23,10,2022-04-26
"1289",27530,14,9,1,15,10,2022-04-26
"1290",28202,20,9,1,21,10,2022-04-26
"1291",28467,14,9,1,15,10,2022-04-26
"1292",28443,21,9,1,22,10,2022-04-26
"1293",28460,11,9,1,12,10,2022-04-26
"1294",30045,14,6,4,18,10,2022-04-26
"1295",30064,17,9,1,18,10,2022-04-26
"1296",29651,11,5,5,16,10,2022-04-26
"1297",29803,16,9,1,17,10,2022-04-26
"1298",29906,13,9,1,14,10,2022-04-26
"1299",29607,15,7,3,18,10,2022-04-26
"1300",29650,14,9,1,15,10,2022-04-26
"1301",30016,20,8,2,22,10,2022-04-26
"1302",32738,10,8,2,12,10,2022-04-26
"1303",30017,17,9,1,18,10,2022-04-26
"1304",30294,13,9,1,14,10,2022-04-26
"1305",30344,15,8,2,17,10,2022-04-26
"1306",30306,20,9,1,21,10,2022-04-26
"1307",32065,16,9,1,17,10,2022-04-26
"1308",32258,17,9,1,18,10,2022-04-26
"1309",32114,17,9,1,18,10,2022-04-26
"1310",33132,19,8,2,21,10,2022-04-26
"1311",32708,14,8,2,16,10,2022-04-26
"1312",32935,13,6,4,17,10,2022-04-26
"1313",33169,18,8,2,20,10,2022-04-26
"1314",32839,16,6,4,20,10,2022-04-26
"1315",33155,19,8,2,21,10,2022-04-26
"1316",33408,26,9,1,27,10,2022-04-26
"1317",33309,18,9,1,19,10,2022-04-26
"1318",33325,13,8,2,15,10,2022-04-26
"1319",33602,9,8,2,11,10,2022-04-26
"1320",34103,26,9,1,27,10,2022-04-26
"1321",34114,30,9,1,31,10,2022-04-26
"1322",34609,19,9,1,20,10,2022-04-26
"1323",37601,11,9,1,12,10,2022-04-26
"1324",34952,16,7,3,19,10,2022-04-26
"1325",37040,15,9,1,16,10,2022-04-26
"1326",43214,14,9,1,15,10,2022-04-26
"1327",48307,14,9,1,15,10,2022-04-26
"1328",53703,26,9,1,27,10,2022-04-26
"1329",44240,14,8,2,16,10,2022-04-26
"1330",57104,20,8,2,22,10,2022-04-26
"1331",60089,13,8,2,15,10,2022-04-26
"1332",60637,19,8,2,21,10,2022-04-26
"1333",63122,46,9,1,47,10,2022-04-26
"1334",68516,14,9,1,15,10,2022-04-26
"1335",63110,46,8,2,48,10,2022-04-26
"1336",75074,15,9,1,16,10,2022-04-26
"1337",75019,16,8,2,18,10,2022-04-26
"1338",75205,18,9,1,19,10,2022-04-26
"1339",75248,12,9,1,13,10,2022-04-26
"1340",76137,19,9,1,20,10,2022-04-26
"1341",77096,15,8,2,17,10,2022-04-26
"1342",77007,17,9,1,18,10,2022-04-26
"1343",77845,12,9,1,13,10,2022-04-26
"1344",78681,8,6,4,12,10,2022-04-26
"1345",78731,15,9,1,16,10,2022-04-26
"1346",80016,16,9,1,17,10,2022-04-26
"1347",78703,17,9,1,18,10,2022-04-26
"1348",78717,15,9,1,16,10,2022-04-26
"1349",78758,12,8,2,14,10,2022-04-26
"1350",79938,19,8,2,21,10,2022-04-26
"1351",90404,12,8,2,14,10,2022-04-26
"1352",90703,13,9,1,14,10,2022-04-26
"1353",80918,14,9,1,15,10,2022-04-26
"1354",85718,14,9,1,15,10,2022-04-26
"1355",87507,11,9,1,12,10,2022-04-26
"1356",90028,20,8,2,22,10,2022-04-26
"1357",91601,24,9,1,25,10,2022-04-26
"1358",85202,12,8,2,14,10,2022-04-26
"1359",85286,17,8,2,19,10,2022-04-26
"1360",91606,9,8,2,11,10,2022-04-26
"1361",91709,12,8,2,14,10,2022-04-26
"1362",92081,13,8,2,15,10,2022-04-26
"1363",92630,17,9,1,18,10,2022-04-26
"1364",96816,13,8,2,15,10,2022-04-26
"1365",97229,19,9,1,20,10,2022-04-26
"1366",98133,12,8,2,14,10,2022-04-26
"1367",98109,37,8,2,39,10,2022-04-26
"1368",98277,15,8,2,17,10,2022-04-26
"1369",98003,14,9,1,15,10,2022-04-26
"1370",11223,15,7,2,17,9,2022-04-26
"1371",11001,15,8,1,16,9,2022-04-26
"1372",11237,22,7,2,24,9,2022-04-26
"1373",11228,18,8,1,19,9,2022-04-26
"1374",11561,19,8,1,20,9,2022-04-26
"1375",11782,10,8,1,11,9,2022-04-26
"1376",11949,12,8,1,13,9,2022-04-26
"1377",12831,9,7,2,11,9,2022-04-26
"1378",12309,17,8,1,18,9,2022-04-26
"1379",11560,11,7,2,13,9,2022-04-26
"1380",11576,12,7,2,14,9,2022-04-26
"1381",12603,22,8,1,23,9,2022-04-26
"1382",11757,14,8,1,15,9,2022-04-26
"1383",12189,9,6,3,12,9,2022-04-26
"1384",15536,13,8,1,14,9,2022-04-26
"1385",15063,11,8,1,12,9,2022-04-26
"1386",15658,9,7,2,11,9,2022-04-26
"1387",17046,11,8,1,12,9,2022-04-26
"1388",15301,16,8,1,17,9,2022-04-26
"1389",16046,10,7,2,12,9,2022-04-26
"1390",17228,7,7,2,9,9,2022-04-26
"1391",17870,14,7,2,16,9,2022-04-26
"1392",17565,11,8,1,12,9,2022-04-26
"1393",18069,10,7,2,12,9,2022-04-26
"1394",18337,9,8,1,10,9,2022-04-26
"1395",19605,12,8,1,13,9,2022-04-26
"1396",19607,14,5,4,18,9,2022-04-26
"1397",20177,8,8,1,9,9,2022-04-26
"1398",19136,17,7,2,19,9,2022-04-26
"1399",20202,9,8,1,10,9,2022-04-26
"1400",22936,15,8,1,16,9,2022-04-26
"1401",22963,17,8,1,18,9,2022-04-26
"1402",22923,8,7,2,10,9,2022-04-26
"1403",22932,11,8,1,12,9,2022-04-26
"1404",24477,7,7,2,9,9,2022-04-26
"1405",27012,14,8,1,15,9,2022-04-26
"1406",27105,22,8,1,23,9,2022-04-26
"1407",28054,17,7,2,19,9,2022-04-26
"1408",28211,11,6,3,14,9,2022-04-26
"1409",28390,12,6,3,15,9,2022-04-26
"1410",28601,9,8,1,10,9,2022-04-26
"1411",29045,11,8,1,12,9,2022-04-26
"1412",30180,12,7,2,14,9,2022-04-26
"1413",28704,12,8,1,13,9,2022-04-26
"1414",29201,20,7,2,22,9,2022-04-26
"1415",29203,12,7,2,14,9,2022-04-26
"1416",30021,13,8,1,14,9,2022-04-26
"1417",30038,19,8,1,20,9,2022-04-26
"1418",29609,10,8,1,11,9,2022-04-26
"1419",29707,20,8,1,21,9,2022-04-26
"1420",30093,13,8,1,14,9,2022-04-26
"1421",30311,12,8,1,13,9,2022-04-26
"1422",30135,14,8,1,15,9,2022-04-26
"1423",31548,13,7,2,15,9,2022-04-26
"1424",32707,10,7,2,12,9,2022-04-26
"1425",32927,13,8,1,14,9,2022-04-26
"1426",32934,16,8,1,17,9,2022-04-26
"1427",32966,11,8,1,12,9,2022-04-26
"1428",32210,19,8,1,20,9,2022-04-26
"1429",32712,15,7,2,17,9,2022-04-26
"1430",33042,17,8,1,18,9,2022-04-26
"1431",33176,21,8,1,22,9,2022-04-26
"1432",33444,12,7,2,14,9,2022-04-26
"1433",33544,12,8,1,13,9,2022-04-26
"1434",33321,18,8,1,19,9,2022-04-26
"1435",33573,15,8,1,16,9,2022-04-26
"1436",33607,16,8,1,17,9,2022-04-26
"1437",33543,17,8,1,18,9,2022-04-26
"1438",33579,19,8,1,20,9,2022-04-26
"1439",34113,23,8,1,24,9,2022-04-26
"1440",34231,16,8,1,17,9,2022-04-26
"1441",33498,16,8,1,17,9,2022-04-26
"1442",33617,17,8,1,18,9,2022-04-26
"1443",34105,29,7,2,31,9,2022-04-26
"1444",34212,9,7,2,11,9,2022-04-26
"1445",34983,16,8,1,17,9,2022-04-26
"1446",37013,14,8,1,15,9,2022-04-26
"1447",34491,9,8,1,10,9,2022-04-26
"1448",34759,16,8,1,17,9,2022-04-26
"1449",37067,14,8,1,15,9,2022-04-26
"1450",38017,13,7,2,15,9,2022-04-26
"1451",38104,10,7,2,12,9,2022-04-26
"1452",34986,20,7,2,22,9,2022-04-26
"1453",40216,7,6,3,10,9,2022-04-26
"1454",42701,11,8,1,12,9,2022-04-26
"1455",44116,9,8,1,10,9,2022-04-26
"1456",48067,12,8,1,13,9,2022-04-26
"1457",46617,11,5,4,15,9,2022-04-26
"1458",48073,12,6,3,15,9,2022-04-26
"1459",48331,11,8,1,12,9,2022-04-26
"1460",55123,7,6,3,10,9,2022-04-26
"1461",60045,17,7,2,19,9,2022-04-26
"1462",60607,19,8,1,20,9,2022-04-26
"1463",60654,18,6,3,21,9,2022-04-26
"1464",60035,12,8,1,13,9,2022-04-26
"1465",63116,46,5,4,50,9,2022-04-26
"1466",70072,11,8,1,12,9,2022-04-26
"1467",70119,11,7,2,13,9,2022-04-26
"1468",75035,11,7,2,13,9,2022-04-26
"1469",75068,11,8,1,12,9,2022-04-26
"1470",75010,11,8,1,12,9,2022-04-26
"1471",76227,17,8,1,18,9,2022-04-26
"1472",76904,11,8,1,12,9,2022-04-26
"1473",77063,10,7,2,12,9,2022-04-26
"1474",77449,22,8,1,23,9,2022-04-26
"1475",77546,13,8,1,14,9,2022-04-26
"1476",78414,13,8,1,14,9,2022-04-26
"1477",78572,16,8,1,17,9,2022-04-26
"1478",90020,18,8,1,19,9,2022-04-26
"1479",90065,9,7,2,11,9,2022-04-26
"1480",92107,11,7,2,13,9,2022-04-26
"1481",91604,15,8,1,16,9,2022-04-26
"1482",92111,15,8,1,16,9,2022-04-26
"1483",94117,22,8,1,23,9,2022-04-26
"1484",94612,13,7,2,15,9,2022-04-26
"1485",92677,17,8,1,18,9,2022-04-26
"1486",92692,8,5,4,12,9,2022-04-26
"1487",95051,13,7,2,15,9,2022-04-26
"1488",94040,24,8,1,25,9,2022-04-26
"1489",94121,16,8,1,17,9,2022-04-26
"1490",94305,20,8,1,21,9,2022-04-26
"1491",94506,12,8,1,13,9,2022-04-26
"1492",97405,14,7,2,16,9,2022-04-26
"1493",98168,8,8,1,9,9,2022-04-26
"1494",98104,11,7,2,13,9,2022-04-26
"1495",98105,19,7,2,21,9,2022-04-26
"1496",11224,15,6,2,17,8,2022-04-26
"1497",10705,7,7,1,8,8,2022-04-26
"1498",11762,11,7,1,12,8,2022-04-26
"1499",11795,11,7,1,12,8,2022-04-26
"1500",11415,12,7,1,13,8,2022-04-26
"1501",13104,11,6,2,13,8,2022-04-26
"1502",14526,8,7,1,9,8,2022-04-26
"1503",15234,8,7,1,9,8,2022-04-26
"1504",15146,18,7,1,19,8,2022-04-26
"1505",15222,15,7,1,16,8,2022-04-26
"1506",17053,9,7,1,10,8,2022-04-26
"1507",17272,8,7,1,9,8,2022-04-26
"1508",17303,7,7,1,8,8,2022-04-26
"1509",18013,12,7,1,13,8,2022-04-26
"1510",17519,7,7,1,8,8,2022-04-26
"1511",18708,8,6,2,10,8,2022-04-26
"1512",17901,10,7,1,11,8,2022-04-26
"1513",17518,8,7,1,9,8,2022-04-26
"1514",18947,7,5,3,10,8,2022-04-26
"1515",20116,10,7,1,11,8,2022-04-26
"1516",19520,10,7,1,11,8,2022-04-26
"1517",19079,7,7,1,8,8,2022-04-26
"1518",19154,9,7,1,10,8,2022-04-26
"1519",19522,11,7,1,12,8,2022-04-26
"1520",19604,12,6,2,14,8,2022-04-26
"1521",20040,12,7,1,13,8,2022-04-26
"1522",20206,6,6,2,8,8,2022-04-26
"1523",23692,15,6,2,17,8,2022-04-26
"1524",24521,9,7,1,10,8,2022-04-26
"1525",22642,12,7,1,13,8,2022-04-26
"1526",22727,9,7,1,10,8,2022-04-26
"1527",22812,9,6,2,11,8,2022-04-26
"1528",26003,13,7,1,14,8,2022-04-26
"1529",25431,8,5,3,11,8,2022-04-26
"1530",23120,17,7,1,18,8,2022-04-26
"1531",25444,11,7,1,12,8,2022-04-26
"1532",28012,7,6,2,9,8,2022-04-26
"1533",27534,16,7,1,17,8,2022-04-26
"1534",28036,11,5,3,14,8,2022-04-26
"1535",28304,22,6,2,24,8,2022-04-26
"1536",28226,19,6,2,21,8,2022-04-26
"1537",29412,12,6,2,14,8,2022-04-26
"1538",29630,11,7,1,12,8,2022-04-26
"1539",30315,16,7,1,17,8,2022-04-26
"1540",29550,10,7,1,11,8,2022-04-26
"1541",30041,16,7,1,17,8,2022-04-26
"1542",30518,12,5,3,15,8,2022-04-26
"1543",32118,9,6,2,11,8,2022-04-26
"1544",32168,11,7,1,12,8,2022-04-26
"1545",32539,8,6,2,10,8,2022-04-26
"1546",32570,13,7,1,14,8,2022-04-26
"1547",32606,15,7,1,16,8,2022-04-26
"1548",30519,11,6,2,13,8,2022-04-26
"1549",31405,18,7,1,19,8,2022-04-26
"1550",30188,13,5,3,16,8,2022-04-26
"1551",32308,8,6,2,10,8,2022-04-26
"1552",33018,11,7,1,12,8,2022-04-26
"1553",33043,7,6,2,9,8,2022-04-26
"1554",33125,11,7,1,12,8,2022-04-26
"1555",32311,14,7,1,15,8,2022-04-26
"1556",32811,10,6,2,12,8,2022-04-26
"1557",33032,14,7,1,15,8,2022-04-26
"1558",32810,18,7,1,19,8,2022-04-26
"1559",33033,15,6,2,17,8,2022-04-26
"1560",33351,17,7,1,18,8,2022-04-26
"1561",33435,21,7,1,22,8,2022-04-26
"1562",33138,15,7,1,16,8,2022-04-26
"1563",33441,16,7,1,17,8,2022-04-26
"1564",33609,13,7,1,14,8,2022-04-26
"1565",33702,12,7,1,13,8,2022-04-26
"1566",33704,11,7,1,12,8,2022-04-26
"1567",33415,14,7,1,15,8,2022-04-26
"1568",33513,12,6,2,14,8,2022-04-26
"1569",33917,15,6,2,17,8,2022-04-26
"1570",33703,18,7,1,19,8,2022-04-26
"1571",34982,12,6,2,14,8,2022-04-26
"1572",33990,14,7,1,15,8,2022-04-26
"1573",34743,14,7,1,15,8,2022-04-26
"1574",43017,23,7,1,24,8,2022-04-26
"1575",43082,8,6,2,10,8,2022-04-26
"1576",44130,10,7,1,11,8,2022-04-26
"1577",44139,13,7,1,14,8,2022-04-26
"1578",46545,6,6,2,8,8,2022-04-26
"1579",47408,13,7,1,14,8,2022-04-26
"1580",46383,7,6,2,9,8,2022-04-26
"1581",47403,12,7,1,13,8,2022-04-26
"1582",45140,13,7,1,14,8,2022-04-26
"1583",46140,6,6,2,8,8,2022-04-26
"1584",48180,10,6,2,12,8,2022-04-26
"1585",49009,10,6,2,12,8,2022-04-26
"1586",50010,12,5,3,15,8,2022-04-26
"1587",60004,11,7,1,12,8,2022-04-26
"1588",60173,9,7,1,10,8,2022-04-26
"1589",60490,12,7,1,13,8,2022-04-26
"1590",60641,11,7,1,12,8,2022-04-26
"1591",60085,10,7,1,11,8,2022-04-26
"1592",60610,21,7,1,22,8,2022-04-26
"1593",62269,15,7,1,16,8,2022-04-26
"1594",63105,40,6,2,42,8,2022-04-26
"1595",63146,25,6,2,27,8,2022-04-26
"1596",70065,9,6,2,11,8,2022-04-26
"1597",64112,12,7,1,13,8,2022-04-26
"1598",75006,10,7,1,11,8,2022-04-26
"1599",75115,14,7,1,15,8,2022-04-26
"1600",76013,8,5,3,11,8,2022-04-26
"1601",76063,15,7,1,16,8,2022-04-26
"1602",76248,16,6,2,18,8,2022-04-26
"1603",77090,8,6,2,10,8,2022-04-26
"1604",78666,9,7,1,10,8,2022-04-26
"1605",78749,13,7,1,14,8,2022-04-26
"1606",80111,13,7,1,14,8,2022-04-26
"1607",80209,12,7,1,13,8,2022-04-26
"1608",85048,12,6,2,14,8,2022-04-26
"1609",90033,10,7,1,11,8,2022-04-26
"1610",90280,14,7,1,15,8,2022-04-26
"1611",91364,12,7,1,13,8,2022-04-26
"1612",89128,11,7,1,12,8,2022-04-26
"1613",91910,9,5,3,12,8,2022-04-26
"1614",90275,11,6,2,13,8,2022-04-26
"1615",90291,21,6,2,23,8,2022-04-26
"1616",91913,12,6,2,14,8,2022-04-26
"1617",92704,12,7,1,13,8,2022-04-26
"1618",93021,9,7,1,10,8,2022-04-26
"1619",93555,13,6,2,15,8,2022-04-26
"1620",92064,9,7,1,10,8,2022-04-26
"1621",92672,8,7,1,9,8,2022-04-26
"1622",92683,8,7,1,9,8,2022-04-26
"1623",92708,12,7,1,13,8,2022-04-26
"1624",93065,9,6,2,11,8,2022-04-26
"1625",93311,9,7,1,10,8,2022-04-26
"1626",94533,10,7,1,11,8,2022-04-26
"1627",94607,15,5,3,18,8,2022-04-26
"1628",95062,11,7,1,12,8,2022-04-26
"1629",96786,15,6,2,17,8,2022-04-26
"1630",94043,18,7,1,19,8,2022-04-26
"1631",94568,16,7,1,17,8,2022-04-26
"1632",94602,16,7,1,17,8,2022-04-26
"1633",96740,18,7,1,19,8,2022-04-26
"1634",97124,9,5,3,12,8,2022-04-26
"1635",98033,7,4,4,11,8,2022-04-26
"1636",98107,11,5,3,14,8,2022-04-26
"1637",98926,7,7,1,8,8,2022-04-26
"1638",98004,16,7,1,17,8,2022-04-26
"1639",98006,13,6,2,15,8,2022-04-26
"1640",98011,12,7,1,13,8,2022-04-26
"1641",95747,5,5,3,8,8,2022-04-26
"1642",96817,10,7,1,11,8,2022-04-26
"1643",10005,14,6,1,15,7,2022-04-26
"1644",10707,11,6,1,12,7,2022-04-26
"1645",10601,11,6,1,12,7,2022-04-26
"1646",11378,7,6,1,8,7,2022-04-26
"1647",11379,9,6,1,10,7,2022-04-26
"1648",11581,15,6,1,16,7,2022-04-26
"1649",12550,18,6,1,19,7,2022-04-26
"1650",11752,6,6,1,7,7,2022-04-26
"1651",11417,12,6,1,13,7,2022-04-26
"1652",14086,13,6,1,14,7,2022-04-26
"1653",14228,9,6,1,10,7,2022-04-26
"1654",15147,7,6,1,8,7,2022-04-26
"1655",16509,10,6,1,11,7,2022-04-26
"1656",16652,9,5,2,11,7,2022-04-26
"1657",16686,9,6,1,10,7,2022-04-26
"1658",15226,10,6,1,11,7,2022-04-26
"1659",15478,5,5,2,7,7,2022-04-26
"1660",16105,11,6,1,12,7,2022-04-26
"1661",18634,8,6,1,9,7,2022-04-26
"1662",15963,13,6,1,14,7,2022-04-26
"1663",16506,10,6,1,11,7,2022-04-26
"1664",17065,11,6,1,12,7,2022-04-26
"1665",17754,6,5,2,8,7,2022-04-26
"1666",18073,6,3,4,10,7,2022-04-26
"1667",19074,11,6,1,12,7,2022-04-26
"1668",18067,9,6,1,10,7,2022-04-26
"1669",18328,8,5,2,10,7,2022-04-26
"1670",18444,7,6,1,8,7,2022-04-26
"1671",18612,16,6,1,17,7,2022-04-26
"1672",18052,13,5,2,15,7,2022-04-26
"1673",18704,14,6,1,15,7,2022-04-26
"1674",19530,11,6,1,12,7,2022-04-26
"1675",19075,9,6,1,10,7,2022-04-26
"1676",19526,10,4,3,13,7,2022-04-26
"1677",19543,11,6,1,12,7,2022-04-26
"1678",20220,8,6,1,9,7,2022-04-26
"1679",20560,6,6,1,7,7,2022-04-26
"1680",22195,7,6,1,8,7,2022-04-26
"1681",22211,7,6,1,8,7,2022-04-26
"1682",22904,12,6,1,13,7,2022-04-26
"1683",23024,12,6,1,13,7,2022-04-26
"1684",23072,11,5,2,13,7,2022-04-26
"1685",23181,5,3,4,9,7,2022-04-26
"1686",23192,9,5,2,11,7,2022-04-26
"1687",22960,8,6,1,9,7,2022-04-26
"1688",23310,14,5,2,16,7,2022-04-26
"1689",23480,10,6,1,11,7,2022-04-26
"1690",22664,12,6,1,13,7,2022-04-26
"1691",23005,11,5,2,13,7,2022-04-26
"1692",23150,11,6,1,12,7,2022-04-26
"1693",24558,14,6,1,15,7,2022-04-26
"1694",24572,6,6,1,7,7,2022-04-26
"1695",26711,7,6,1,8,7,2022-04-26
"1696",27332,8,5,2,10,7,2022-04-26
"1697",27301,8,5,2,10,7,2022-04-26
"1698",27545,9,5,2,11,7,2022-04-26
"1699",28134,7,4,3,10,7,2022-04-26
"1700",29316,8,5,2,10,7,2022-04-26
"1701",29418,12,6,1,13,7,2022-04-26
"1702",29527,15,6,1,16,7,2022-04-26
"1703",30046,10,4,3,13,7,2022-04-26
"1704",28574,9,6,1,10,7,2022-04-26
"1705",29204,8,5,2,10,7,2022-04-26
"1706",29420,11,6,1,12,7,2022-04-26
"1707",29687,9,4,3,12,7,2022-04-26
"1708",32119,9,6,1,10,7,2022-04-26
"1709",32773,10,6,1,11,7,2022-04-26
"1710",30303,9,5,2,11,7,2022-04-26
"1711",30310,12,6,1,13,7,2022-04-26
"1712",30189,10,5,2,12,7,2022-04-26
"1713",30322,12,6,1,13,7,2022-04-26
"1714",32408,12,6,1,13,7,2022-04-26
"1715",32506,7,6,1,8,7,2022-04-26
"1716",32832,12,6,1,13,7,2022-04-26
"1717",32951,14,5,2,16,7,2022-04-26
"1718",32958,11,6,1,12,7,2022-04-26
"1719",33328,16,6,1,17,7,2022-04-26
"1720",33525,6,5,2,8,7,2022-04-26
"1721",33409,10,6,1,11,7,2022-04-26
"1722",34211,12,6,1,13,7,2022-04-26
"1723",33449,13,6,1,14,7,2022-04-26
"1724",33901,13,6,1,14,7,2022-04-26
"1725",34116,11,6,1,12,7,2022-04-26
"1726",34685,8,3,4,12,7,2022-04-26
"1727",33896,9,5,2,11,7,2022-04-26
"1728",34287,8,6,1,9,7,2022-04-26
"1729",34741,9,4,3,12,7,2022-04-26
"1730",35205,8,5,2,10,7,2022-04-26
"1731",35401,15,6,1,16,7,2022-04-26
"1732",37620,7,6,1,8,7,2022-04-26
"1733",34608,7,6,1,8,7,2022-04-26
"1734",34677,7,6,1,8,7,2022-04-26
"1735",34758,6,5,2,8,7,2022-04-26
"1736",37801,10,6,1,11,7,2022-04-26
"1737",37917,5,4,3,8,7,2022-04-26
"1738",37814,7,6,1,8,7,2022-04-26
"1739",38125,17,6,1,18,7,2022-04-26
"1740",37174,6,6,1,7,7,2022-04-26
"1741",38109,8,4,3,11,7,2022-04-26
"1742",39564,10,4,3,13,7,2022-04-26
"1743",43015,9,6,1,10,7,2022-04-26
"1744",44691,12,6,1,13,7,2022-04-26
"1745",46033,17,6,1,18,7,2022-04-26
"1746",46556,9,6,1,10,7,2022-04-26
"1747",47201,8,6,1,9,7,2022-04-26
"1748",47404,10,6,1,11,7,2022-04-26
"1749",55113,9,6,1,10,7,2022-04-26
"1750",60137,9,5,2,11,7,2022-04-26
"1751",60643,9,6,1,10,7,2022-04-26
"1752",60563,15,6,1,16,7,2022-04-26
"1753",63119,56,3,4,60,7,2022-04-26
"1754",63112,32,3,4,36,7,2022-04-26
"1755",65203,7,6,1,8,7,2022-04-26
"1756",70448,6,5,2,8,7,2022-04-26
"1757",66212,8,6,1,9,7,2022-04-26
"1758",63376,17,5,2,19,7,2022-04-26
"1759",66109,6,6,1,7,7,2022-04-26
"1760",70037,9,6,1,10,7,2022-04-26
"1761",73034,7,5,2,9,7,2022-04-26
"1762",73145,6,6,1,7,7,2022-04-26
"1763",75104,12,6,1,13,7,2022-04-26
"1764",74012,9,6,1,10,7,2022-04-26
"1765",75034,9,5,2,11,7,2022-04-26
"1766",75075,14,6,1,15,7,2022-04-26
"1767",75252,12,6,1,13,7,2022-04-26
"1768",75063,19,6,1,20,7,2022-04-26
"1769",75165,6,4,3,9,7,2022-04-26
"1770",75240,12,6,1,13,7,2022-04-26
"1771",76010,15,6,1,16,7,2022-04-26
"1772",76179,10,6,1,11,7,2022-04-26
"1773",77002,11,6,1,12,7,2022-04-26
"1774",78255,7,6,1,8,7,2022-04-26
"1775",77043,10,4,3,13,7,2022-04-26
"1776",77044,13,6,1,14,7,2022-04-26
"1777",77498,13,6,1,14,7,2022-04-26
"1778",78250,9,6,1,10,7,2022-04-26
"1779",78230,12,5,2,14,7,2022-04-26
"1780",78748,14,6,1,15,7,2022-04-26
"1781",80202,16,6,1,17,7,2022-04-26
"1782",80303,12,4,3,15,7,2022-04-26
"1783",78521,14,5,2,16,7,2022-04-26
"1784",80211,16,6,1,17,7,2022-04-26
"1785",78108,12,6,1,13,7,2022-04-26
"1786",80130,6,6,1,7,7,2022-04-26
"1787",80013,12,6,1,13,7,2022-04-26
"1788",84790,7,5,2,9,7,2022-04-26
"1789",85255,11,6,1,12,7,2022-04-26
"1790",89032,8,6,1,9,7,2022-04-26
"1791",89119,9,5,2,11,7,2022-04-26
"1792",90068,12,6,1,13,7,2022-04-26
"1793",85032,8,4,3,11,7,2022-04-26
"1794",85213,7,6,1,8,7,2022-04-26
"1795",89113,8,6,1,9,7,2022-04-26
"1796",89506,7,6,1,8,7,2022-04-26
"1797",90501,7,6,1,8,7,2022-04-26
"1798",90230,8,6,1,9,7,2022-04-26
"1799",91104,9,6,1,10,7,2022-04-26
"1800",91106,15,6,1,16,7,2022-04-26
"1801",90039,18,6,1,19,7,2022-04-26
"1802",92129,18,6,1,19,7,2022-04-26
"1803",92584,8,6,1,9,7,2022-04-26
"1804",93720,8,6,1,9,7,2022-04-26
"1805",92253,10,6,1,11,7,2022-04-26
"1806",92647,7,5,2,9,7,2022-04-26
"1807",92688,9,6,1,10,7,2022-04-26
"1808",94112,13,6,1,14,7,2022-04-26
"1809",93010,12,6,1,13,7,2022-04-26
"1810",94066,9,5,2,11,7,2022-04-26
"1811",94549,9,5,2,11,7,2022-04-26
"1812",95008,12,6,1,13,7,2022-04-26
"1813",95112,14,6,1,15,7,2022-04-26
"1814",94402,11,6,1,12,7,2022-04-26
"1815",97844,6,6,1,7,7,2022-04-26
"1816",98112,14,4,3,17,7,2022-04-26
"1817",98119,12,6,1,13,7,2022-04-26
"1818",10006,10,5,1,11,6,2022-04-26
"1819",10541,7,5,1,8,6,2022-04-26
"1820",11427,16,5,1,17,6,2022-04-26
"1821",10603,9,5,1,10,6,2022-04-26
"1822",11575,11,5,1,12,6,2022-04-26
"1823",14224,7,5,1,8,6,2022-04-26
"1824",14624,9,4,2,11,6,2022-04-26
"1825",15201,11,5,1,12,6,2022-04-26
"1826",13732,6,4,2,8,6,2022-04-26
"1827",14214,10,5,1,11,6,2022-04-26
"1828",15220,12,5,1,13,6,2022-04-26
"1829",16127,6,5,1,7,6,2022-04-26
"1830",16002,5,4,2,7,6,2022-04-26
"1831",17038,5,5,1,6,6,2022-04-26
"1832",15946,8,5,1,9,6,2022-04-26
"1833",16673,4,4,2,6,6,2022-04-26
"1834",15902,9,5,1,10,6,2022-04-26
"1835",18706,7,4,2,9,6,2022-04-26
"1836",18235,7,5,1,8,6,2022-04-26
"1837",18403,7,5,1,8,6,2022-04-26
"1838",20184,8,5,1,9,6,2022-04-26
"1839",19133,10,5,1,11,6,2022-04-26
"1840",20035,7,5,1,8,6,2022-04-26
"1841",20026,9,5,1,10,6,2022-04-26
"1842",20029,8,5,1,9,6,2022-04-26
"1843",19056,5,3,3,8,6,2022-04-26
"1844",20212,7,4,2,9,6,2022-04-26
"1845",22122,6,5,1,7,6,2022-04-26
"1846",22663,9,5,1,10,6,2022-04-26
"1847",22134,19,5,1,20,6,2022-04-26
"1848",22199,6,5,1,7,6,2022-04-26
"1849",22840,5,4,2,7,6,2022-04-26
"1850",22942,9,5,1,10,6,2022-04-26
"1851",23824,6,3,3,9,6,2022-04-26
"1852",26541,7,5,1,8,6,2022-04-26
"1853",22576,8,5,1,9,6,2022-04-26
"1854",23430,11,5,1,12,6,2022-04-26
"1855",23663,11,4,2,13,6,2022-04-26
"1856",25701,14,5,1,15,6,2022-04-26
"1857",23707,7,4,2,9,6,2022-04-26
"1858",27282,10,5,1,11,6,2022-04-26
"1859",26851,6,4,2,8,6,2022-04-26
"1860",27522,7,5,1,8,6,2022-04-26
"1861",27591,5,5,1,6,6,2022-04-26
"1862",28025,14,5,1,15,6,2022-04-26
"1863",28081,8,4,2,10,6,2022-04-26
"1864",27932,10,5,1,11,6,2022-04-26
"1865",28584,5,4,2,7,6,2022-04-26
"1866",30215,9,5,1,10,6,2022-04-26
"1867",30248,8,4,2,10,6,2022-04-26
"1868",29063,10,4,2,12,6,2022-04-26
"1869",29440,7,5,1,8,6,2022-04-26
"1870",29556,6,5,1,7,6,2022-04-26
"1871",29715,11,5,1,12,6,2022-04-26
"1872",28803,14,5,1,15,6,2022-04-26
"1873",30040,11,5,1,12,6,2022-04-26
"1874",32605,13,5,1,14,6,2022-04-26
"1875",30076,17,5,1,18,6,2022-04-26
"1876",30328,25,5,1,26,6,2022-04-26
"1877",32208,8,5,1,9,6,2022-04-26
"1878",32526,11,5,1,12,6,2022-04-26
"1879",32141,4,3,3,7,6,2022-04-26
"1880",32725,12,5,1,13,6,2022-04-26
"1881",32211,10,4,2,12,6,2022-04-26
"1882",32514,12,5,1,13,6,2022-04-26
"1883",32563,9,5,1,10,6,2022-04-26
"1884",33130,21,4,2,23,6,2022-04-26
"1885",33185,10,4,2,12,6,2022-04-26
"1886",33707,19,5,1,20,6,2022-04-26
"1887",33527,3,1,5,8,6,2022-04-26
"1888",33534,12,3,3,15,6,2022-04-26
"1889",33629,8,5,1,9,6,2022-04-26
"1890",33770,5,5,1,6,6,2022-04-26
"1891",34238,25,5,1,26,6,2022-04-26
"1892",34481,11,4,2,13,6,2022-04-26
"1893",33616,12,5,1,13,6,2022-04-26
"1894",34217,5,5,1,6,6,2022-04-26
"1895",33619,5,4,2,7,6,2022-04-26
"1896",33701,14,4,2,16,6,2022-04-26
"1897",33830,9,5,1,10,6,2022-04-26
"1898",33844,14,4,2,16,6,2022-04-26
"1899",33953,8,5,1,9,6,2022-04-26
"1900",34239,13,5,1,14,6,2022-04-26
"1901",34772,10,5,1,11,6,2022-04-26
"1902",36116,11,4,2,13,6,2022-04-26
"1903",33993,7,4,2,9,6,2022-04-26
"1904",34142,8,3,3,11,6,2022-04-26
"1905",34275,16,5,1,17,6,2022-04-26
"1906",37923,7,5,1,8,6,2022-04-26
"1907",36608,10,5,1,11,6,2022-04-26
"1908",37042,13,2,4,17,6,2022-04-26
"1909",44035,10,5,1,11,6,2022-04-26
"1910",44023,8,5,1,9,6,2022-04-26
"1911",44109,5,5,1,6,6,2022-04-26
"1912",44646,7,4,2,9,6,2022-04-26
"1913",39503,7,5,1,8,6,2022-04-26
"1914",48126,12,5,1,13,6,2022-04-26
"1915",46123,8,5,1,9,6,2022-04-26
"1916",48304,7,5,1,8,6,2022-04-26
"1917",55408,9,5,1,10,6,2022-04-26
"1918",49855,6,4,2,8,6,2022-04-26
"1919",48111,6,2,4,10,6,2022-04-26
"1920",54115,7,5,1,8,6,2022-04-26
"1921",55446,10,5,1,11,6,2022-04-26
"1922",55406,5,4,2,7,6,2022-04-26
"1923",49301,6,5,1,7,6,2022-04-26
"1924",55449,7,5,1,8,6,2022-04-26
"1925",57103,11,5,1,12,6,2022-04-26
"1926",60148,9,5,1,10,6,2022-04-26
"1927",60056,8,5,1,9,6,2022-04-26
"1928",60189,11,5,1,12,6,2022-04-26
"1929",60623,10,4,2,12,6,2022-04-26
"1930",60016,11,4,2,13,6,2022-04-26
"1931",60073,8,5,1,9,6,2022-04-26
"1932",61761,9,5,1,10,6,2022-04-26
"1933",60617,8,5,1,9,6,2022-04-26
"1934",63005,10,5,1,11,6,2022-04-26
"1935",63021,28,5,1,29,6,2022-04-26
"1936",63103,13,4,2,15,6,2022-04-26
"1937",63104,21,1,5,26,6,2022-04-26
"1938",65202,6,4,2,8,6,2022-04-26
"1939",65401,4,4,2,6,6,2022-04-26
"1940",63368,9,5,1,10,6,2022-04-26
"1941",70601,8,5,1,9,6,2022-04-26
"1942",66061,12,4,2,14,6,2022-04-26
"1943",66441,7,5,1,8,6,2022-04-26
"1944",71913,6,5,1,7,6,2022-04-26
"1945",73013,7,5,1,8,6,2022-04-26
"1946",75072,11,4,2,13,6,2022-04-26
"1947",75089,7,5,1,8,6,2022-04-26
"1948",75287,12,5,1,13,6,2022-04-26
"1949",75150,10,5,1,11,6,2022-04-26
"1950",75229,10,4,2,12,6,2022-04-26
"1951",76116,12,5,1,13,6,2022-04-26
"1952",75126,10,5,1,11,6,2022-04-26
"1953",75235,11,4,2,13,6,2022-04-26
"1954",76177,6,5,1,7,6,2022-04-26
"1955",76548,9,5,1,10,6,2022-04-26
"1956",77099,13,5,1,14,6,2022-04-26
"1957",78254,13,2,4,17,6,2022-04-26
"1958",78701,8,4,2,10,6,2022-04-26
"1959",80023,10,5,1,11,6,2022-04-26
"1960",80231,8,5,1,9,6,2022-04-26
"1961",80238,10,5,1,11,6,2022-04-26
"1962",80924,7,4,2,9,6,2022-04-26
"1963",85308,11,4,2,13,6,2022-04-26
"1964",85339,7,5,1,8,6,2022-04-26
"1965",85392,7,5,1,8,6,2022-04-26
"1966",80907,5,5,1,6,6,2022-04-26
"1967",85226,10,5,1,11,6,2022-04-26
"1968",89117,17,5,1,18,6,2022-04-26
"1969",90640,5,5,1,6,6,2022-04-26
"1970",85383,15,5,1,16,6,2022-04-26
"1971",86001,5,3,3,8,6,2022-04-26
"1972",89131,10,4,2,12,6,2022-04-26
"1973",89044,6,4,2,8,6,2022-04-26
"1974",90043,10,4,2,12,6,2022-04-26
"1975",90210,7,5,1,8,6,2022-04-26
"1976",90712,9,5,1,10,6,2022-04-26
"1977",91016,9,5,1,10,6,2022-04-26
"1978",85234,6,5,1,7,6,2022-04-26
"1979",87501,12,5,1,13,6,2022-04-26
"1980",89123,12,5,1,13,6,2022-04-26
"1981",89523,9,5,1,10,6,2022-04-26
"1982",90005,7,5,1,8,6,2022-04-26
"1983",92027,14,5,1,15,6,2022-04-26
"1984",90802,13,5,1,14,6,2022-04-26
"1985",92106,9,5,1,10,6,2022-04-26
"1986",92154,13,5,1,14,6,2022-04-26
"1987",91932,8,5,1,9,6,2022-04-26
"1988",93536,12,5,1,13,6,2022-04-26
"1989",91362,10,4,2,12,6,2022-04-26
"1990",92691,6,5,1,7,6,2022-04-26
"1991",92831,8,5,1,9,6,2022-04-26
"1992",93944,7,4,2,9,6,2022-04-26
"1993",94044,7,5,1,8,6,2022-04-26
"1994",94133,9,5,1,10,6,2022-04-26
"1995",94565,8,3,3,11,6,2022-04-26
"1996",94024,8,5,1,9,6,2022-04-26
"1997",94941,15,5,1,16,6,2022-04-26
"1998",95060,16,5,1,17,6,2022-04-26
"1999",95128,10,4,2,12,6,2022-04-26
"2000",94309,7,5,1,8,6,2022-04-26
"2001",94513,11,5,1,12,6,2022-04-26
"2002",94536,8,5,1,9,6,2022-04-26
"2003",94545,6,5,1,7,6,2022-04-26
"2004",94904,6,4,2,8,6,2022-04-26
"2005",95901,9,4,2,11,6,2022-04-26
"2006",96814,12,4,2,14,6,2022-04-26
"2007",97030,7,5,1,8,6,2022-04-26
"2008",97333,7,5,1,8,6,2022-04-26
"2009",98075,8,5,1,9,6,2022-04-26
"2010",10522,5,4,1,6,5,2022-04-26
"2011",10941,5,3,2,7,5,2022-04-26
"2012",10970,6,3,2,8,5,2022-04-26
"2013",10308,8,4,1,9,5,2022-04-26
"2014",11946,5,4,1,6,5,2022-04-26
"2015",12148,5,4,1,6,5,2022-04-26
"2016",12534,4,4,1,5,5,2022-04-26
"2017",12901,5,3,2,7,5,2022-04-26
"2018",11786,7,4,1,8,5,2022-04-26
"2019",12084,6,4,1,7,5,2022-04-26
"2020",12211,10,4,1,11,5,2022-04-26
"2021",11901,7,4,1,8,5,2022-04-26
"2022",12553,7,4,1,8,5,2022-04-26
"2023",13078,8,4,1,9,5,2022-04-26
"2024",13126,6,4,1,7,5,2022-04-26
"2025",13669,6,4,1,7,5,2022-04-26
"2026",14215,11,4,1,12,5,2022-04-26
"2027",14845,5,4,1,6,5,2022-04-26
"2028",15014,5,4,1,6,5,2022-04-26
"2029",15122,7,4,1,8,5,2022-04-26
"2030",16625,5,4,1,6,5,2022-04-26
"2031",16635,7,4,1,8,5,2022-04-26
"2032",16667,5,3,2,7,5,2022-04-26
"2033",17018,3,3,2,5,5,2022-04-26
"2034",16148,7,4,1,8,5,2022-04-26
"2035",17244,7,3,2,9,5,2022-04-26
"2036",17963,5,4,1,6,5,2022-04-26
"2037",18431,7,4,1,8,5,2022-04-26
"2038",17090,5,4,1,6,5,2022-04-26
"2039",18106,9,4,1,10,5,2022-04-26
"2040",18325,3,3,2,5,5,2022-04-26
"2041",18407,5,1,4,9,5,2022-04-26
"2042",18508,7,4,1,8,5,2022-04-26
"2043",19055,6,4,1,7,5,2022-04-26
"2044",17264,6,4,1,7,5,2022-04-26
"2045",19504,5,4,1,6,5,2022-04-26
"2046",20174,4,4,1,5,5,2022-04-26
"2047",20433,8,4,1,9,5,2022-04-26
"2048",22567,4,4,1,5,5,2022-04-26
"2049",23306,5,3,2,7,5,2022-04-26
"2050",23517,5,4,1,6,5,2022-04-26
"2051",23924,6,4,1,7,5,2022-04-26
"2052",23944,6,4,1,7,5,2022-04-26
"2053",24201,6,4,1,7,5,2022-04-26
"2054",24901,8,4,1,9,5,2022-04-26
"2055",26201,13,4,1,14,5,2022-04-26
"2056",23507,9,4,1,10,5,2022-04-26
"2057",23927,7,4,1,8,5,2022-04-26
"2058",23103,4,3,2,6,5,2022-04-26
"2059",24592,7,4,1,8,5,2022-04-26
"2060",27262,9,4,1,10,5,2022-04-26
"2061",28469,8,4,1,9,5,2022-04-26
"2062",28501,5,4,1,6,5,2022-04-26
"2063",28787,7,4,1,8,5,2022-04-26
"2064",29061,8,4,1,9,5,2022-04-26
"2065",29678,6,3,2,8,5,2022-04-26
"2066",30313,5,4,1,6,5,2022-04-26
"2067",28570,6,4,1,7,5,2022-04-26
"2068",29690,3,2,3,6,5,2022-04-26
"2069",29118,7,4,1,8,5,2022-04-26
"2070",29169,7,4,1,8,5,2022-04-26
"2071",29405,6,4,1,7,5,2022-04-26
"2072",30143,4,3,2,6,5,2022-04-26
"2073",32136,6,3,2,8,5,2022-04-26
"2074",30035,8,4,1,9,5,2022-04-26
"2075",31005,6,4,1,7,5,2022-04-26
"2076",31558,10,4,1,11,5,2022-04-26
"2077",32159,12,4,1,13,5,2022-04-26
"2078",30677,6,3,2,8,5,2022-04-26
"2079",32233,9,4,1,10,5,2022-04-26
"2080",32459,9,3,2,11,5,2022-04-26
"2081",32766,7,3,2,9,5,2022-04-26
"2082",32583,8,4,1,9,5,2022-04-26
"2083",32967,13,4,1,14,5,2022-04-26
"2084",33060,12,3,2,14,5,2022-04-26
"2085",33594,9,4,1,10,5,2022-04-26
"2086",32920,7,4,1,8,5,2022-04-26
"2087",33004,8,4,1,9,5,2022-04-26
"2088",33056,12,4,1,13,5,2022-04-26
"2089",33405,11,4,1,12,5,2022-04-26
"2090",33625,8,4,1,9,5,2022-04-26
"2091",33150,9,4,1,10,5,2022-04-26
"2092",33161,12,4,1,13,5,2022-04-26
"2093",33461,9,4,1,10,5,2022-04-26
"2094",33777,7,4,1,8,5,2022-04-26
"2095",33897,12,4,1,13,5,2022-04-26
"2096",34120,13,3,2,15,5,2022-04-26
"2097",33547,9,4,1,10,5,2022-04-26
"2098",33765,7,4,1,8,5,2022-04-26
"2099",33767,11,3,2,13,5,2022-04-26
"2100",33881,10,4,1,11,5,2022-04-26
"2101",33884,9,4,1,10,5,2022-04-26
"2102",34233,7,4,1,8,5,2022-04-26
"2103",34653,5,3,2,7,5,2022-04-26
"2104",34736,8,4,1,9,5,2022-04-26
"2105",33860,3,2,3,6,5,2022-04-26
"2106",33912,12,4,1,13,5,2022-04-26
"2107",34471,5,4,1,6,5,2022-04-26
"2108",34771,2,1,4,6,5,2022-04-26
"2109",35749,14,4,1,15,5,2022-04-26
"2110",37086,6,4,1,7,5,2022-04-26
"2111",34207,10,3,2,12,5,2022-04-26
"2112",36617,5,4,1,6,5,2022-04-26
"2113",37303,1,1,4,5,5,2022-04-26
"2114",37932,6,4,1,7,5,2022-04-26
"2115",39759,5,4,1,6,5,2022-04-26
"2116",37208,10,4,1,11,5,2022-04-26
"2117",37659,3,2,3,6,5,2022-04-26
"2118",37862,4,3,2,6,5,2022-04-26
"2119",43206,9,4,1,10,5,2022-04-26
"2120",43232,9,4,1,10,5,2022-04-26
"2121",44146,8,4,1,9,5,2022-04-26
"2122",43220,6,4,1,7,5,2022-04-26
"2123",45243,3,2,3,6,5,2022-04-26
"2124",45434,4,4,1,5,5,2022-04-26
"2125",46220,8,4,1,9,5,2022-04-26
"2126",46236,11,4,1,12,5,2022-04-26
"2127",48185,8,4,1,9,5,2022-04-26
"2128",46250,5,4,1,6,5,2022-04-26
"2129",45220,11,4,1,12,5,2022-04-26
"2130",48842,6,4,1,7,5,2022-04-26
"2131",49424,11,4,1,12,5,2022-04-26
"2132",50310,5,4,1,6,5,2022-04-26
"2133",55057,8,4,1,9,5,2022-04-26
"2134",44113,8,4,1,9,5,2022-04-26
"2135",45208,8,4,1,9,5,2022-04-26
"2136",45233,6,4,1,7,5,2022-04-26
"2137",46060,5,4,1,6,5,2022-04-26
"2138",48360,8,4,1,9,5,2022-04-26
"2139",52806,6,4,1,7,5,2022-04-26
"2140",46278,6,4,1,7,5,2022-04-26
"2141",48109,5,4,1,6,5,2022-04-26
"2142",48202,6,4,1,7,5,2022-04-26
"2143",48236,6,3,2,8,5,2022-04-26
"2144",55369,7,4,1,8,5,2022-04-26
"2145",53711,8,4,1,9,5,2022-04-26
"2146",56301,6,3,2,8,5,2022-04-26
"2147",60195,5,4,1,6,5,2022-04-26
"2148",59601,6,3,2,8,5,2022-04-26
"2149",61704,7,4,1,8,5,2022-04-26
"2150",61822,9,4,1,10,5,2022-04-26
"2151",60076,8,3,2,10,5,2022-04-26
"2152",60458,3,3,2,5,5,2022-04-26
"2153",65201,6,4,1,7,5,2022-04-26
"2154",63109,32,3,2,34,5,2022-04-26
"2155",63118,21,2,3,24,5,2022-04-26
"2156",63123,27,2,3,30,5,2022-04-26
"2157",63143,17,3,2,19,5,2022-04-26
"2158",66503,6,4,1,7,5,2022-04-26
"2159",72076,6,4,1,7,5,2022-04-26
"2160",70816,8,3,2,10,5,2022-04-26
"2161",73102,4,4,1,5,5,2022-04-26
"2162",72713,7,4,1,8,5,2022-04-26
"2163",75220,5,4,1,6,5,2022-04-26
"2164",75023,8,4,1,9,5,2022-04-26
"2165",75032,6,3,2,8,5,2022-04-26
"2166",73106,6,4,1,7,5,2022-04-26
"2167",76262,10,4,1,11,5,2022-04-26
"2168",77055,6,4,1,7,5,2022-04-26
"2169",77380,8,4,1,9,5,2022-04-26
"2170",76513,6,3,2,8,5,2022-04-26
"2171",76522,9,4,1,10,5,2022-04-26
"2172",77386,11,4,1,12,5,2022-04-26
"2173",77469,10,4,1,11,5,2022-04-26
"2174",78154,8,4,1,9,5,2022-04-26
"2175",76908,6,4,1,7,5,2022-04-26
"2176",77042,10,4,1,11,5,2022-04-26
"2177",77059,8,4,1,9,5,2022-04-26
"2178",77074,5,2,3,8,5,2022-04-26
"2179",77345,8,3,2,10,5,2022-04-26
"2180",77478,7,4,1,8,5,2022-04-26
"2181",78702,10,4,1,11,5,2022-04-26
"2182",78722,5,4,1,6,5,2022-04-26
"2183",78723,9,4,1,10,5,2022-04-26
"2184",79606,6,4,1,7,5,2022-04-26
"2185",80210,14,4,1,15,5,2022-04-26
"2186",78744,6,4,1,7,5,2022-04-26
"2187",78751,11,4,1,12,5,2022-04-26
"2188",80246,7,4,1,8,5,2022-04-26
"2189",81501,4,3,2,6,5,2022-04-26
"2190",81601,3,3,2,5,5,2022-04-26
"2191",83616,6,4,1,7,5,2022-04-26
"2192",84041,5,4,1,6,5,2022-04-26
"2193",84020,13,4,1,14,5,2022-04-26
"2194",84121,5,4,1,6,5,2022-04-26
"2195",84604,6,4,1,7,5,2022-04-26
"2196",85225,13,4,1,14,5,2022-04-26
"2197",85012,5,4,1,6,5,2022-04-26
"2198",85203,5,3,2,7,5,2022-04-26
"2199",89084,14,4,1,15,5,2022-04-26
"2200",89135,10,4,1,11,5,2022-04-26
"2201",89149,9,4,1,10,5,2022-04-26
"2202",90018,9,4,1,10,5,2022-04-26
"2203",84094,4,3,2,6,5,2022-04-26
"2204",85014,12,4,1,13,5,2022-04-26
"2205",85382,8,4,1,9,5,2022-04-26
"2206",85749,6,3,2,8,5,2022-04-26
"2207",87123,6,4,1,7,5,2022-04-26
"2208",89011,7,4,1,8,5,2022-04-26
"2209",89115,5,4,1,6,5,2022-04-26
"2210",90265,5,4,1,6,5,2022-04-26
"2211",90803,6,4,1,7,5,2022-04-26
"2212",90247,9,4,1,10,5,2022-04-26
"2213",85086,5,4,1,6,5,2022-04-26
"2214",85209,7,3,2,9,5,2022-04-26
"2215",90806,4,4,1,5,5,2022-04-26
"2216",91206,8,4,1,9,5,2022-04-26
"2217",91505,7,4,1,8,5,2022-04-26
"2218",91776,6,4,1,7,5,2022-04-26
"2219",92374,7,3,2,9,5,2022-04-26
"2220",92626,8,4,1,9,5,2022-04-26
"2221",90041,6,4,1,7,5,2022-04-26
"2222",91302,8,4,1,9,5,2022-04-26
"2223",92120,5,4,1,6,5,2022-04-26
"2224",91784,6,4,1,7,5,2022-04-26
"2225",92083,3,3,2,5,5,2022-04-26
"2226",92102,9,4,1,10,5,2022-04-26
"2227",92116,6,4,1,7,5,2022-04-26
"2228",92118,9,4,1,10,5,2022-04-26
"2229",92870,8,4,1,9,5,2022-04-26
"2230",91401,9,4,1,10,5,2022-04-26
"2231",91803,7,4,1,8,5,2022-04-26
"2232",92019,10,4,1,11,5,2022-04-26
"2233",94015,11,4,1,12,5,2022-04-26
"2234",94132,11,4,1,12,5,2022-04-26
"2235",95132,9,4,1,10,5,2022-04-26
"2236",94124,3,3,2,5,5,2022-04-26
"2237",94541,8,3,2,10,5,2022-04-26
"2238",94707,12,4,1,13,5,2022-04-26
"2239",95355,7,4,1,8,5,2022-04-26
"2240",93950,5,4,1,6,5,2022-04-26
"2241",94070,9,4,1,10,5,2022-04-26
"2242",94804,8,4,1,9,5,2022-04-26
"2243",98466,5,4,1,6,5,2022-04-26
"2244",99615,2,1,4,6,5,2022-04-26
"2245",99205,4,3,2,6,5,2022-04-26
"2246",99654,5,2,3,8,5,2022-04-26
"2247",96819,14,4,1,15,5,2022-04-26
"2248",98005,5,3,2,7,5,2022-04-26
"2249",98055,7,4,1,8,5,2022-04-26
"2250",10307,4,3,1,5,4,2022-04-26
"2251",10589,3,3,1,4,4,2022-04-26
"2252",10930,4,3,1,5,4,2022-04-26
"2253",10998,4,3,1,5,4,2022-04-26
"2254",10994,6,3,1,7,4,2022-04-26
"2255",11363,5,3,1,6,4,2022-04-26
"2256",11730,4,3,1,5,4,2022-04-26
"2257",11732,5,3,1,6,4,2022-04-26
"2258",12582,3,3,1,4,4,2022-04-26
"2259",13021,8,3,1,9,4,2022-04-26
"2260",13601,6,3,1,7,4,2022-04-26
"2261",13901,5,3,1,6,4,2022-04-26
"2262",14870,5,3,1,6,4,2022-04-26
"2263",15203,8,3,1,9,4,2022-04-26
"2264",14150,7,3,1,8,4,2022-04-26
"2265",15211,5,3,1,6,4,2022-04-26
"2266",15216,13,2,2,15,4,2022-04-26
"2267",15666,5,2,2,7,4,2022-04-26
"2268",15924,3,3,1,4,4,2022-04-26
"2269",17061,2,2,2,4,4,2022-04-26
"2270",16335,6,2,2,8,4,2022-04-26
"2271",16412,4,3,1,5,4,2022-04-26
"2272",16630,4,3,1,5,4,2022-04-26
"2273",17931,4,3,1,5,4,2022-04-26
"2274",18080,3,3,1,4,4,2022-04-26
"2275",17857,5,3,1,6,4,2022-04-26
"2276",17844,4,3,1,5,4,2022-04-26
"2277",18202,6,3,1,7,4,2022-04-26
"2278",18445,4,3,1,5,4,2022-04-26
"2279",20014,3,3,1,4,4,2022-04-26
"2280",19602,3,3,1,4,4,2022-04-26
"2281",22106,4,3,1,5,4,2022-04-26
"2282",22222,2,2,2,4,4,2022-04-26
"2283",22747,4,3,1,5,4,2022-04-26
"2284",22851,4,3,1,5,4,2022-04-26
"2285",22480,5,3,1,6,4,2022-04-26
"2286",22824,5,2,2,7,4,2022-04-26
"2287",23140,5,3,1,6,4,2022-04-26
"2288",22476,2,2,2,4,4,2022-04-26
"2289",23930,5,3,1,6,4,2022-04-26
"2290",23389,4,3,1,5,4,2022-04-26
"2291",24557,6,3,1,7,4,2022-04-26
"2292",26062,4,3,1,5,4,2022-04-26
"2293",27537,3,3,1,4,4,2022-04-26
"2294",27944,6,3,1,7,4,2022-04-26
"2295",27525,9,2,2,11,4,2022-04-26
"2296",27889,5,3,1,6,4,2022-04-26
"2297",27892,4,3,1,5,4,2022-04-26
"2298",28056,8,3,1,9,4,2022-04-26
"2299",28539,11,3,1,12,4,2022-04-26
"2300",28607,10,2,2,12,4,2022-04-26
"2301",29180,5,3,1,6,4,2022-04-26
"2302",28209,4,3,1,5,4,2022-04-26
"2303",29611,8,3,1,9,4,2022-04-26
"2304",29829,4,3,1,5,4,2022-04-26
"2305",29945,4,3,1,5,4,2022-04-26
"2306",28613,3,3,1,4,4,2022-04-26
"2307",29492,11,2,2,13,4,2022-04-26
"2308",29020,5,3,1,6,4,2022-04-26
"2309",29505,4,3,1,5,4,2022-04-26
"2310",29605,5,3,1,6,4,2022-04-26
"2311",29673,5,3,1,6,4,2022-04-26
"2312",29902,8,3,1,9,4,2022-04-26
"2313",30102,9,3,1,10,4,2022-04-26
"2314",30534,6,3,1,7,4,2022-04-26
"2315",31315,7,3,1,8,4,2022-04-26
"2316",32504,9,3,1,10,4,2022-04-26
"2317",32754,6,2,2,8,4,2022-04-26
"2318",30317,6,3,1,7,4,2022-04-26
"2319",31322,10,3,1,11,4,2022-04-26
"2320",32217,6,3,1,7,4,2022-04-26
"2321",31905,8,3,1,9,4,2022-04-26
"2322",32205,6,3,1,7,4,2022-04-26
"2323",32407,7,3,1,8,4,2022-04-26
"2324",32778,4,3,1,5,4,2022-04-26
"2325",32779,9,3,1,10,4,2022-04-26
"2326",33030,7,3,1,8,4,2022-04-26
"2327",32724,5,3,1,6,4,2022-04-26
"2328",32960,10,2,2,12,4,2022-04-26
"2329",33167,6,1,3,9,4,2022-04-26
"2330",32806,5,3,1,6,4,2022-04-26
"2331",33605,9,2,2,11,4,2022-04-26
"2332",33470,13,3,1,14,4,2022-04-26
"2333",34638,10,3,1,11,4,2022-04-26
"2334",33931,6,3,1,7,4,2022-04-26
"2335",33935,35,3,1,36,4,2022-04-26
"2336",34203,10,2,2,12,4,2022-04-26
"2337",34269,2,2,2,4,4,2022-04-26
"2338",34453,2,1,3,5,4,2022-04-26
"2339",34788,8,3,1,9,4,2022-04-26
"2340",37931,4,3,1,5,4,2022-04-26
"2341",37857,6,3,1,7,4,2022-04-26
"2342",38305,11,3,1,12,4,2022-04-26
"2343",39402,8,3,1,9,4,2022-04-26
"2344",40204,4,3,1,5,4,2022-04-26
"2345",35756,5,3,1,6,4,2022-04-26
"2346",39532,6,3,1,7,4,2022-04-26
"2347",43026,9,3,1,10,4,2022-04-26
"2348",40291,5,3,1,6,4,2022-04-26
"2349",43203,4,3,1,5,4,2022-04-26
"2350",44132,3,3,1,4,4,2022-04-26
"2351",44112,6,3,1,7,4,2022-04-26
"2352",45213,3,3,1,4,4,2022-04-26
"2353",39110,5,3,1,6,4,2022-04-26
"2354",40503,5,3,1,6,4,2022-04-26
"2355",45227,3,3,1,4,4,2022-04-26
"2356",48204,5,3,1,6,4,2022-04-26
"2357",48221,7,3,1,8,4,2022-04-26
"2358",44471,3,3,1,4,4,2022-04-26
"2359",45238,6,3,1,7,4,2022-04-26
"2360",48230,6,3,1,7,4,2022-04-26
"2361",48363,3,2,2,5,4,2022-04-26
"2362",55109,3,3,1,4,4,2022-04-26
"2363",55443,8,3,1,9,4,2022-04-26
"2364",46112,4,2,2,6,4,2022-04-26
"2365",46205,7,3,1,8,4,2022-04-26
"2366",46637,8,3,1,9,4,2022-04-26
"2367",48066,3,3,1,4,4,2022-04-26
"2368",48168,7,3,1,8,4,2022-04-26
"2369",48186,4,3,1,5,4,2022-04-26
"2370",53717,5,3,1,6,4,2022-04-26
"2371",55110,5,3,1,6,4,2022-04-26
"2372",55412,3,3,1,4,4,2022-04-26
"2373",50265,4,3,1,5,4,2022-04-26
"2374",50701,3,1,3,6,4,2022-04-26
"2375",55104,4,3,1,5,4,2022-04-26
"2376",55304,2,2,2,4,4,2022-04-26
"2377",54915,4,3,1,5,4,2022-04-26
"2378",55415,4,3,1,5,4,2022-04-26
"2379",60046,5,3,1,6,4,2022-04-26
"2380",60521,8,3,1,9,4,2022-04-26
"2381",60007,4,3,1,5,4,2022-04-26
"2382",60074,7,3,1,8,4,2022-04-26
"2383",60629,4,3,1,5,4,2022-04-26
"2384",61615,5,3,1,6,4,2022-04-26
"2385",61832,5,3,1,6,4,2022-04-26
"2386",63136,9,3,1,10,4,2022-04-26
"2387",63138,12,3,1,13,4,2022-04-26
"2388",63139,28,1,3,31,4,2022-04-26
"2389",63107,17,1,3,20,4,2022-04-26
"2390",64113,5,3,1,6,4,2022-04-26
"2391",68137,3,2,2,5,4,2022-04-26
"2392",65803,1,1,3,4,4,2022-04-26
"2393",71602,1,1,3,4,4,2022-04-26
"2394",72120,4,3,1,5,4,2022-04-26
"2395",66062,7,3,1,8,4,2022-04-26
"2396",70056,8,3,1,9,4,2022-04-26
"2397",63301,12,2,2,14,4,2022-04-26
"2398",68131,4,3,1,5,4,2022-04-26
"2399",70460,3,3,1,4,4,2022-04-26
"2400",72034,5,3,1,6,4,2022-04-26
"2401",73099,10,3,1,11,4,2022-04-26
"2402",74133,7,3,1,8,4,2022-04-26
"2403",73071,4,3,1,5,4,2022-04-26
"2404",75060,3,3,1,4,4,2022-04-26
"2405",75231,8,3,1,9,4,2022-04-26
"2406",76016,9,3,1,10,4,2022-04-26
"2407",75208,7,3,1,8,4,2022-04-26
"2408",77080,4,3,1,5,4,2022-04-26
"2409",76034,8,3,1,9,4,2022-04-26
"2410",77586,9,3,1,10,4,2022-04-26
"2411",78236,5,3,1,6,4,2022-04-26
"2412",76207,3,2,2,5,4,2022-04-26
"2413",77377,5,2,2,7,4,2022-04-26
"2414",77511,4,3,1,5,4,2022-04-26
"2415",78577,7,3,1,8,4,2022-04-26
"2416",78504,8,3,1,9,4,2022-04-26
"2417",80228,5,3,1,6,4,2022-04-26
"2418",80525,12,3,1,13,4,2022-04-26
"2419",78217,6,3,1,7,4,2022-04-26
"2420",78610,6,2,2,8,4,2022-04-26
"2421",78726,4,3,1,5,4,2022-04-26
"2422",80012,7,3,1,8,4,2022-04-26
"2423",80237,10,3,1,11,4,2022-04-26
"2424",80631,3,3,1,4,4,2022-04-26
"2425",80817,9,3,1,10,4,2022-04-26
"2426",85138,6,3,1,7,4,2022-04-26
"2427",84074,5,3,1,6,4,2022-04-26
"2428",85296,6,3,1,7,4,2022-04-26
"2429",87144,7,3,1,8,4,2022-04-26
"2430",90069,11,3,1,12,4,2022-04-26
"2431",84095,6,3,1,7,4,2022-04-26
"2432",90260,3,3,1,4,4,2022-04-26
"2433",91214,9,3,1,10,4,2022-04-26
"2434",91316,4,3,1,5,4,2022-04-26
"2435",85704,5,3,1,6,4,2022-04-26
"2436",90740,7,3,1,8,4,2022-04-26
"2437",92025,5,3,1,6,4,2022-04-26
"2438",91020,3,3,1,4,4,2022-04-26
"2439",92553,7,3,1,8,4,2022-04-26
"2440",92617,10,3,1,11,4,2022-04-26
"2441",91501,5,3,1,6,4,2022-04-26
"2442",91730,7,3,1,8,4,2022-04-26
"2443",92262,7,3,1,8,4,2022-04-26
"2444",92555,8,2,2,10,4,2022-04-26
"2445",92591,3,3,1,4,4,2022-04-26
"2446",92780,6,3,1,7,4,2022-04-26
"2447",93030,4,3,1,5,4,2022-04-26
"2448",92629,5,2,2,7,4,2022-04-26
"2449",93551,8,3,1,9,4,2022-04-26
"2450",94503,2,2,2,4,4,2022-04-26
"2451",93063,8,3,1,9,4,2022-04-26
"2452",94531,5,3,1,6,4,2022-04-26
"2453",94965,4,3,1,5,4,2022-04-26
"2454",94123,14,3,1,15,4,2022-04-26
"2455",94591,6,3,1,7,4,2022-04-26
"2456",95661,4,3,1,5,4,2022-04-26
"2457",95121,3,2,2,5,4,2022-04-26
"2458",95130,3,3,1,4,4,2022-04-26
"2459",95630,13,2,2,15,4,2022-04-26
"2460",95746,5,3,1,6,4,2022-04-26
"2461",96793,7,3,1,8,4,2022-04-26
"2462",94111,4,3,1,5,4,2022-04-26
"2463",95835,5,3,1,6,4,2022-04-26
"2464",96756,5,2,2,7,4,2022-04-26
"2465",98023,3,3,1,4,4,2022-04-26
"2466",95843,4,3,1,5,4,2022-04-26
"2467",96797,8,3,1,9,4,2022-04-26
"2468",98402,3,3,1,4,4,2022-04-26
"2469",99163,7,3,1,8,4,2022-04-26
"2470",98029,11,3,1,12,4,2022-04-26
"2471",98406,5,3,1,6,4,2022-04-26
"2472",98513,4,3,1,5,4,2022-04-26
"2473",99508,4,2,2,6,4,2022-04-26
"2474",98012,3,2,2,5,4,2022-04-26
"2475",98664,6,3,1,7,4,2022-04-26
"2476",10464,2,2,1,3,3,2022-04-26
"2477",10516,2,1,2,4,3,2022-04-26
"2478",12701,3,2,1,4,3,2022-04-26
"2479",12095,3,1,2,5,3,2022-04-26
"2480",12561,4,2,1,5,3,2022-04-26
"2481",12570,7,2,1,8,3,2022-04-26
"2482",11944,4,2,1,5,3,2022-04-26
"2483",11951,6,2,1,7,3,2022-04-26
"2484",11937,2,2,1,3,3,2022-04-26
"2485",12572,3,2,1,4,3,2022-04-26
"2486",13152,10,2,1,11,3,2022-04-26
"2487",13904,3,2,1,4,3,2022-04-26
"2488",14610,7,2,1,8,3,2022-04-26
"2489",14619,4,2,1,5,3,2022-04-26
"2490",14760,3,2,1,4,3,2022-04-26
"2491",13148,4,1,2,6,3,2022-04-26
"2492",15120,4,2,1,5,3,2022-04-26
"2493",13676,7,2,1,8,3,2022-04-26
"2494",16510,5,2,1,6,3,2022-04-26
"2495",15748,2,2,1,3,3,2022-04-26
"2496",16870,10,2,1,11,3,2022-04-26
"2497",15610,3,2,1,4,3,2022-04-26
"2498",17034,3,2,1,4,3,2022-04-26
"2499",18066,2,1,2,4,3,2022-04-26
"2500",16947,2,2,1,3,3,2022-04-26
"2501",17317,2,2,1,3,3,2022-04-26
"2502",17555,4,2,1,5,3,2022-04-26
"2503",18657,4,2,1,5,3,2022-04-26
"2504",18707,10,2,1,11,3,2022-04-26
"2505",18344,2,2,1,3,3,2022-04-26
"2506",18428,3,1,2,5,3,2022-04-26
"2507",18011,2,2,1,3,3,2022-04-26
"2508",18972,3,2,1,4,3,2022-04-26
"2509",19541,1,1,2,3,3,2022-04-26
"2510",19135,12,2,1,13,3,2022-04-26
"2511",19567,4,2,1,5,3,2022-04-26
"2512",20153,3,2,1,4,3,2022-04-26
"2513",19547,2,1,2,4,3,2022-04-26
"2514",19565,3,2,1,4,3,2022-04-26
"2515",20218,2,2,1,3,3,2022-04-26
"2516",20224,3,2,1,4,3,2022-04-26
"2517",22035,3,2,1,4,3,2022-04-26
"2518",22736,2,2,1,3,3,2022-04-26
"2519",22103,1,1,2,3,3,2022-04-26
"2520",22121,2,2,1,3,3,2022-04-26
"2521",22958,2,2,1,3,3,2022-04-26
"2522",24067,2,2,1,3,3,2022-04-26
"2523",25423,2,2,1,3,3,2022-04-26
"2524",22810,4,2,1,5,3,2022-04-26
"2525",23146,2,2,1,3,3,2022-04-26
"2526",24013,4,2,1,5,3,2022-04-26
"2527",24333,2,2,1,3,3,2022-04-26
"2528",24599,1,1,2,3,3,2022-04-26
"2529",25703,4,2,1,5,3,2022-04-26
"2530",24563,2,2,1,3,3,2022-04-26
"2531",24055,3,2,1,4,3,2022-04-26
"2532",24104,2,2,1,3,3,2022-04-26
"2533",24589,2,2,1,3,3,2022-04-26
"2534",26378,2,2,1,3,3,2022-04-26
"2535",27292,6,2,1,7,3,2022-04-26
"2536",27571,5,2,1,6,3,2022-04-26
"2537",28037,5,2,1,6,3,2022-04-26
"2538",27504,2,1,2,4,3,2022-04-26
"2539",27927,8,2,1,9,3,2022-04-26
"2540",28077,2,1,2,4,3,2022-04-26
"2541",28320,2,2,1,3,3,2022-04-26
"2542",27597,7,2,1,8,3,2022-04-26
"2543",28555,2,2,1,3,3,2022-04-26
"2544",28043,2,2,1,3,3,2022-04-26
"2545",28307,2,2,1,3,3,2022-04-26
"2546",28645,3,2,1,4,3,2022-04-26
"2547",29662,5,2,1,6,3,2022-04-26
"2548",30165,6,2,1,7,3,2022-04-26
"2549",30548,4,2,1,5,3,2022-04-26
"2550",29574,3,2,1,4,3,2022-04-26
"2551",29439,3,1,2,5,3,2022-04-26
"2552",30054,2,2,1,3,3,2022-04-26
"2553",32219,2,2,1,3,3,2022-04-26
"2554",32254,3,2,1,4,3,2022-04-26
"2555",29851,2,2,1,3,3,2022-04-26
"2556",30008,6,2,1,7,3,2022-04-26
"2557",30260,4,2,1,5,3,2022-04-26
"2558",31312,2,2,1,3,3,2022-04-26
"2559",30340,5,2,1,6,3,2022-04-26
"2560",30720,3,2,1,4,3,2022-04-26
"2561",31906,4,2,1,5,3,2022-04-26
"2562",32097,8,2,1,9,3,2022-04-26
"2563",32124,4,2,1,5,3,2022-04-26
"2564",32501,4,2,1,5,3,2022-04-26
"2565",33417,12,2,1,13,3,2022-04-26
"2566",33510,5,2,1,6,3,2022-04-26
"2567",32820,3,2,1,4,3,2022-04-26
"2568",33189,9,2,1,10,3,2022-04-26
"2569",33774,6,2,1,7,3,2022-04-26
"2570",33868,6,2,1,7,3,2022-04-26
"2571",33954,3,2,1,4,3,2022-04-26
"2572",34222,4,2,1,5,3,2022-04-26
"2573",34420,NA,1,2,NA,3,2022-04-26
"2574",34465,9,2,1,10,3,2022-04-26
"2575",34472,6,2,1,7,3,2022-04-26
"2576",34690,3,2,1,4,3,2022-04-26
"2577",34452,4,2,1,5,3,2022-04-26
"2578",34769,4,2,1,5,3,2022-04-26
"2579",33760,5,2,1,6,3,2022-04-26
"2580",35023,3,2,1,4,3,2022-04-26
"2581",35180,3,2,1,4,3,2022-04-26
"2582",35216,4,2,1,5,3,2022-04-26
"2583",34947,3,2,1,4,3,2022-04-26
"2584",35222,3,2,1,4,3,2022-04-26
"2585",36526,5,2,1,6,3,2022-04-26
"2586",37035,2,2,1,3,3,2022-04-26
"2587",37130,4,2,1,5,3,2022-04-26
"2588",35223,2,2,1,3,3,2022-04-26
"2589",36618,3,2,1,4,3,2022-04-26
"2590",38138,5,2,1,6,3,2022-04-26
"2591",34224,3,1,2,5,3,2022-04-26
"2592",36265,3,2,1,4,3,2022-04-26
"2593",37066,5,2,1,6,3,2022-04-26
"2594",37167,5,1,2,7,3,2022-04-26
"2595",38053,2,2,1,3,3,2022-04-26
"2596",38732,2,2,1,3,3,2022-04-26
"2597",40272,7,2,1,8,3,2022-04-26
"2598",40422,3,2,1,4,3,2022-04-26
"2599",35020,4,2,1,5,3,2022-04-26
"2600",35803,8,2,1,9,3,2022-04-26
"2601",40601,3,2,1,4,3,2022-04-26
"2602",42240,3,1,2,5,3,2022-04-26
"2603",43074,7,2,1,8,3,2022-04-26
"2604",43123,7,2,1,8,3,2022-04-26
"2605",40324,3,2,1,4,3,2022-04-26
"2606",41011,4,2,1,5,3,2022-04-26
"2607",43920,2,2,1,3,3,2022-04-26
"2608",44017,4,2,1,5,3,2022-04-26
"2609",42101,5,2,1,6,3,2022-04-26
"2610",42160,1,1,2,3,3,2022-04-26
"2611",43021,4,2,1,5,3,2022-04-26
"2612",44039,5,2,1,6,3,2022-04-26
"2613",44141,2,2,1,3,3,2022-04-26
"2614",44264,1,1,2,3,3,2022-04-26
"2615",44212,4,2,1,5,3,2022-04-26
"2616",45245,2,2,1,3,3,2022-04-26
"2617",38506,7,2,1,8,3,2022-04-26
"2618",40505,3,2,1,4,3,2022-04-26
"2619",45420,5,2,1,6,3,2022-04-26
"2620",48208,2,2,1,3,3,2022-04-26
"2621",47203,4,2,1,5,3,2022-04-26
"2622",48189,2,2,1,3,3,2022-04-26
"2623",48220,2,2,1,3,3,2022-04-26
"2624",44452,2,2,1,3,3,2022-04-26
"2625",45371,2,2,1,3,3,2022-04-26
"2626",45805,3,2,1,4,3,2022-04-26
"2627",46142,3,2,1,4,3,2022-04-26
"2628",46259,2,1,2,4,3,2022-04-26
"2629",48146,2,2,1,3,3,2022-04-26
"2630",48708,2,2,1,3,3,2022-04-26
"2631",53704,8,2,1,9,3,2022-04-26
"2632",54303,2,2,1,3,3,2022-04-26
"2633",55343,3,2,1,4,3,2022-04-26
"2634",44281,4,2,1,5,3,2022-04-26
"2635",48226,4,2,1,5,3,2022-04-26
"2636",48328,1,1,2,3,3,2022-04-26
"2637",48910,8,2,1,9,3,2022-04-26
"2638",49221,2,1,2,4,3,2022-04-26
"2639",46239,3,2,1,4,3,2022-04-26
"2640",46403,3,2,1,4,3,2022-04-26
"2641",48084,4,2,1,5,3,2022-04-26
"2642",53726,5,2,1,6,3,2022-04-26
"2643",54901,2,1,2,4,3,2022-04-26
"2644",55128,2,2,1,3,3,2022-04-26
"2645",55428,6,2,1,7,3,2022-04-26
"2646",55455,3,2,1,4,3,2022-04-26
"2647",48836,1,1,2,3,3,2022-04-26
"2648",50131,1,1,2,3,3,2022-04-26
"2649",55411,3,2,1,4,3,2022-04-26
"2650",57701,3,2,1,4,3,2022-04-26
"2651",49686,8,2,1,9,3,2022-04-26
"2652",57106,3,2,1,4,3,2022-04-26
"2653",60002,2,2,1,3,3,2022-04-26
"2654",60624,3,2,1,4,3,2022-04-26
"2655",63010,8,2,1,9,3,2022-04-26
"2656",63026,21,2,1,22,3,2022-04-26
"2657",60124,4,2,1,5,3,2022-04-26
"2658",60630,5,2,1,6,3,2022-04-26
"2659",62234,3,2,1,4,3,2022-04-26
"2660",62236,2,2,1,3,3,2022-04-26
"2661",62521,3,2,1,4,3,2022-04-26
"2662",62025,3,2,1,4,3,2022-04-26
"2663",63129,12,2,1,13,3,2022-04-26
"2664",63131,16,1,2,18,3,2022-04-26
"2665",64082,2,1,2,4,3,2022-04-26
"2666",64131,5,2,1,6,3,2022-04-26
"2667",63132,16,1,2,18,3,2022-04-26
"2668",67212,4,2,1,5,3,2022-04-26
"2669",71106,3,1,2,5,3,2022-04-26
"2670",71115,6,2,1,7,3,2022-04-26
"2671",70117,7,1,2,9,3,2022-04-26
"2672",70131,2,2,1,3,3,2022-04-26
"2673",70583,2,2,1,3,3,2022-04-26
"2674",68504,1,1,2,3,3,2022-04-26
"2675",70607,4,2,1,5,3,2022-04-26
"2676",63115,13,1,2,15,3,2022-04-26
"2677",63701,6,2,1,7,3,2022-04-26
"2678",64060,3,2,1,4,3,2022-04-26
"2679",70471,5,2,1,6,3,2022-04-26
"2680",75203,4,2,1,5,3,2022-04-26
"2681",73135,2,2,1,3,3,2022-04-26
"2682",74114,3,2,1,4,3,2022-04-26
"2683",75209,4,2,1,5,3,2022-04-26
"2684",75482,2,1,2,4,3,2022-04-26
"2685",75077,8,2,1,9,3,2022-04-26
"2686",75703,1,1,2,3,3,2022-04-26
"2687",77373,2,2,1,3,3,2022-04-26
"2688",76120,3,2,1,4,3,2022-04-26
"2689",76706,5,2,1,6,3,2022-04-26
"2690",77554,2,2,1,3,3,2022-04-26
"2691",76021,6,1,2,8,3,2022-04-26
"2692",76559,4,2,1,5,3,2022-04-26
"2693",78541,2,2,1,3,3,2022-04-26
"2694",78552,3,2,1,4,3,2022-04-26
"2695",79109,4,2,1,5,3,2022-04-26
"2696",78628,6,2,1,7,3,2022-04-26
"2697",78732,8,2,1,9,3,2022-04-26
"2698",78840,3,2,1,4,3,2022-04-26
"2699",79907,2,2,1,3,3,2022-04-26
"2700",78728,8,2,1,9,3,2022-04-26
"2701",80003,6,2,1,7,3,2022-04-26
"2702",80014,8,2,1,9,3,2022-04-26
"2703",80516,4,2,1,5,3,2022-04-26
"2704",80138,4,2,1,5,3,2022-04-26
"2705",80922,6,2,1,7,3,2022-04-26
"2706",83221,2,2,1,3,3,2022-04-26
"2707",84009,2,2,1,3,3,2022-04-26
"2708",83687,2,2,1,3,3,2022-04-26
"2709",85040,3,2,1,4,3,2022-04-26
"2710",85257,5,2,1,6,3,2022-04-26
"2711",85641,5,2,1,6,3,2022-04-26
"2712",80909,2,1,2,4,3,2022-04-26
"2713",83713,4,2,1,5,3,2022-04-26
"2714",84401,4,2,1,5,3,2022-04-26
"2715",85003,2,2,1,3,3,2022-04-26
"2716",85119,5,2,1,6,3,2022-04-26
"2717",89183,4,2,1,5,3,2022-04-26
"2718",89801,2,2,1,3,3,2022-04-26
"2719",90303,5,2,1,6,3,2022-04-26
"2720",90621,5,2,1,6,3,2022-04-26
"2721",83861,2,2,1,3,3,2022-04-26
"2722",84045,4,2,1,5,3,2022-04-26
"2723",84663,2,2,1,3,3,2022-04-26
"2724",85033,5,1,2,7,3,2022-04-26
"2725",85250,4,2,1,5,3,2022-04-26
"2726",85396,6,2,1,7,3,2022-04-26
"2727",90201,3,2,1,4,3,2022-04-26
"2728",90290,4,2,1,5,3,2022-04-26
"2729",87120,8,2,1,9,3,2022-04-26
"2730",90245,6,2,1,7,3,2022-04-26
"2731",85388,5,2,1,6,3,2022-04-26
"2732",85711,2,2,1,3,3,2022-04-26
"2733",87031,3,2,1,4,3,2022-04-26
"2734",87401,3,2,1,4,3,2022-04-26
"2735",87508,7,1,2,9,3,2022-04-26
"2736",89030,3,2,1,4,3,2022-04-26
"2737",91306,5,2,1,6,3,2022-04-26
"2738",91390,2,2,1,3,3,2022-04-26
"2739",91791,5,2,1,6,3,2022-04-26
"2740",92075,1,1,2,3,3,2022-04-26
"2741",92376,3,2,1,4,3,2022-04-26
"2742",92625,3,2,1,4,3,2022-04-26
"2743",90057,6,2,1,7,3,2022-04-26
"2744",90059,4,2,1,5,3,2022-04-26
"2745",90241,4,2,1,5,3,2022-04-26
"2746",91361,5,2,1,6,3,2022-04-26
"2747",91754,3,2,1,4,3,2022-04-26
"2748",91945,4,2,1,5,3,2022-04-26
"2749",92270,5,1,2,7,3,2022-04-26
"2750",92504,4,2,1,5,3,2022-04-26
"2751",93436,5,2,1,6,3,2022-04-26
"2752",93437,2,2,1,3,3,2022-04-26
"2753",93907,1,1,2,3,3,2022-04-26
"2754",91303,3,2,1,4,3,2022-04-26
"2755",92314,2,2,1,3,3,2022-04-26
"2756",93109,4,2,1,5,3,2022-04-26
"2757",92883,4,2,1,5,3,2022-04-26
"2758",93033,3,2,1,4,3,2022-04-26
"2759",93427,2,2,1,3,3,2022-04-26
"2760",95341,3,2,1,4,3,2022-04-26
"2761",95826,3,2,1,4,3,2022-04-26
"2762",97304,4,2,1,5,3,2022-04-26
"2763",97420,2,2,1,3,3,2022-04-26
"2764",94520,2,2,1,3,3,2022-04-26
"2765",94947,3,2,1,4,3,2022-04-26
"2766",95603,3,1,2,5,3,2022-04-26
"2767",95834,9,2,1,10,3,2022-04-26
"2768",97031,5,2,1,6,3,2022-04-26
"2769",98166,2,2,1,3,3,2022-04-26
"2770",98282,4,2,1,5,3,2022-04-26
"2771",98368,3,2,1,4,3,2022-04-26
"2772",98226,5,2,1,6,3,2022-04-26
"2773",98642,3,2,1,4,3,2022-04-26
"2774",98662,2,2,1,3,3,2022-04-26
"2775",99645,4,2,1,5,3,2022-04-26
"2776",97504,3,2,1,4,3,2022-04-26
"2777",98036,4,2,1,5,3,2022-04-26
"2778",98070,3,2,1,4,3,2022-04-26
"2779",98604,6,2,1,7,3,2022-04-26
"2780",98503,4,2,1,5,3,2022-04-26
"2781",97301,4,2,1,5,3,2022-04-26
"2782",97403,3,2,1,4,3,2022-04-26
"2783",99709,5,2,1,6,3,2022-04-26
"2784",10509,3,1,1,4,2,2022-04-26
"2785",12182,3,1,1,4,2,2022-04-26
"2786",12198,2,1,1,3,2,2022-04-26
"2787",13069,2,1,1,3,2,2022-04-26
"2788",12468,1,1,1,2,2,2022-04-26
"2789",11724,1,1,1,2,2,2022-04-26
"2790",12078,1,1,1,2,2,2022-04-26
"2791",12528,3,1,1,4,2,2022-04-26
"2792",12828,1,1,1,2,2,2022-04-26
"2793",12919,1,1,1,2,2,2022-04-26
"2794",12946,5,1,1,6,2,2022-04-26
"2795",12308,2,1,1,3,2,2022-04-26
"2796",13108,1,1,1,2,2,2022-04-26
"2797",13145,1,1,1,2,2,2022-04-26
"2798",14892,1,1,1,2,2,2022-04-26
"2799",14903,1,1,1,2,2,2022-04-26
"2800",15085,2,1,1,3,2,2022-04-26
"2801",14502,2,1,1,3,2,2022-04-26
"2802",15084,2,1,1,3,2,2022-04-26
"2803",13492,NA,1,1,NA,2,2022-04-26
"2804",13612,1,1,1,2,2,2022-04-26
"2805",14779,1,1,1,2,2,2022-04-26
"2806",15207,3,1,1,4,2,2022-04-26
"2807",15473,1,1,1,2,2,2022-04-26
"2808",17062,2,1,1,3,2,2022-04-26
"2809",15714,1,1,1,2,2,2022-04-26
"2810",16150,2,1,1,3,2,2022-04-26
"2811",17087,3,1,1,4,2,2022-04-26
"2812",17088,2,1,1,3,2,2022-04-26
"2813",17255,2,1,1,3,2,2022-04-26
"2814",17529,3,1,1,4,2,2022-04-26
"2815",17981,2,1,1,3,2,2022-04-26
"2816",18332,1,1,1,2,2,2022-04-26
"2817",18350,1,1,1,2,2,2022-04-26
"2818",18464,1,1,1,2,2,2022-04-26
"2819",18834,2,1,1,3,2,2022-04-26
"2820",15636,1,1,1,2,2,2022-04-26
"2821",15906,4,1,1,5,2,2022-04-26
"2822",17024,3,1,1,4,2,2022-04-26
"2823",17040,1,1,1,2,2,2022-04-26
"2824",18091,2,1,1,3,2,2022-04-26
"2825",19009,4,1,1,5,2,2022-04-26
"2826",18219,2,1,1,3,2,2022-04-26
"2827",18853,1,1,1,2,2,2022-04-26
"2828",19137,1,1,1,2,2,2022-04-26
"2829",17834,2,1,1,3,2,2022-04-26
"2830",19437,4,1,1,5,2,2022-04-26
"2831",19980,2,1,1,3,2,2022-04-26
"2832",20023,2,1,1,3,2,2022-04-26
"2833",20050,1,1,1,2,2,2022-04-26
"2834",20216,2,1,1,3,2,2022-04-26
"2835",20108,3,1,1,4,2,2022-04-26
"2836",20205,1,1,1,2,2,2022-04-26
"2837",20359,1,1,1,2,2,2022-04-26
"2838",20376,1,1,1,2,2,2022-04-26
"2839",20412,1,1,1,2,2,2022-04-26
"2840",20413,1,1,1,2,2,2022-04-26
"2841",22194,4,1,1,5,2,2022-04-26
"2842",21945,1,1,1,2,2,2022-04-26
"2843",22068,1,1,1,2,2,2022-04-26
"2844",22853,1,1,1,2,2,2022-04-26
"2845",24637,1,1,1,2,2,2022-04-26
"2846",25271,2,1,1,3,2,2022-04-26
"2847",25412,1,1,1,2,2,2022-04-26
"2848",26818,2,1,1,3,2,2022-04-26
"2849",23009,4,1,1,5,2,2022-04-26
"2850",23063,2,1,1,3,2,2022-04-26
"2851",23345,1,1,1,2,2,2022-04-26
"2852",26452,3,1,1,4,2,2022-04-26
"2853",24175,2,1,1,3,2,2022-04-26
"2854",24870,1,1,1,2,2,2022-04-26
"2855",25245,1,1,1,2,2,2022-04-26
"2856",23086,1,1,1,2,2,2022-04-26
"2857",24375,1,1,1,2,2,2022-04-26
"2858",24925,1,1,1,2,2,2022-04-26
"2859",27812,3,1,1,4,2,2022-04-26
"2860",27880,2,1,1,3,2,2022-04-26
"2861",27258,2,1,1,3,2,2022-04-26
"2862",27958,4,1,1,5,2,2022-04-26
"2863",27043,2,1,1,3,2,2022-04-26
"2864",28120,6,1,1,7,2,2022-04-26
"2865",28345,4,1,1,5,2,2022-04-26
"2866",28445,5,1,1,6,2,2022-04-26
"2867",27583,1,1,1,2,2,2022-04-26
"2868",28334,2,1,1,3,2,2022-04-26
"2869",28364,1,1,1,2,2,2022-04-26
"2870",28748,1,1,1,2,2,2022-04-26
"2871",28425,2,1,1,3,2,2022-04-26
"2872",28658,2,1,1,3,2,2022-04-26
"2873",28761,1,1,1,2,2,2022-04-26
"2874",29127,3,1,1,4,2,2022-04-26
"2875",29645,1,1,1,2,2,2022-04-26
"2876",29306,4,1,1,5,2,2022-04-26
"2877",29676,2,1,1,3,2,2022-04-26
"2878",29101,NA,1,1,NA,2,2022-04-26
"2879",30277,3,1,1,4,2,2022-04-26
"2880",30461,4,1,1,5,2,2022-04-26
"2881",30750,4,1,1,5,2,2022-04-26
"2882",29874,2,1,1,3,2,2022-04-26
"2883",30238,11,1,1,12,2,2022-04-26
"2884",30290,2,1,1,3,2,2022-04-26
"2885",30642,3,1,1,4,2,2022-04-26
"2886",31025,1,1,1,2,2,2022-04-26
"2887",30559,1,1,1,2,2,2022-04-26
"2888",30577,2,1,1,3,2,2022-04-26
"2889",31206,4,1,1,5,2,2022-04-26
"2890",32433,3,1,1,4,2,2022-04-26
"2891",31730,1,1,1,2,2,2022-04-26
"2892",32266,1,1,1,2,2,2022-04-26
"2893",32548,6,1,1,7,2,2022-04-26
"2894",32625,1,1,1,2,2,2022-04-26
"2895",32212,4,1,1,5,2,2022-04-26
"2896",32763,3,1,1,4,2,2022-04-26
"2897",32796,3,1,1,4,2,2022-04-26
"2898",33147,3,1,1,4,2,2022-04-26
"2899",32667,1,1,1,2,2,2022-04-26
"2900",33559,5,1,1,6,2,2022-04-26
"2901",33597,1,1,1,2,2,2022-04-26
"2902",33916,5,1,1,6,2,2022-04-26
"2903",34436,1,1,1,2,2,2022-04-26
"2904",35173,5,1,1,6,2,2022-04-26
"2905",34974,3,1,1,4,2,2022-04-26
"2906",36083,2,1,1,3,2,2022-04-26
"2907",36870,4,1,1,5,2,2022-04-26
"2908",37311,2,1,1,3,2,2022-04-26
"2909",37772,3,1,1,4,2,2022-04-26
"2910",37774,3,1,1,4,2,2022-04-26
"2911",38115,3,1,1,4,2,2022-04-26
"2912",33974,1,1,1,2,2,2022-04-26
"2913",34442,5,1,1,6,2,2022-04-26
"2914",36532,1,1,1,2,2,2022-04-26
"2915",37716,2,1,1,3,2,2022-04-26
"2916",37353,1,1,1,2,2,2022-04-26
"2917",37764,1,1,1,2,2,2022-04-26
"2918",38632,1,1,1,2,2,2022-04-26
"2919",39209,1,1,1,2,2,2022-04-26
"2920",39345,1,1,1,2,2,2022-04-26
"2921",35235,2,1,1,3,2,2022-04-26
"2922",35906,2,1,1,3,2,2022-04-26
"2923",37073,1,1,1,2,2,2022-04-26
"2924",40299,8,1,1,9,2,2022-04-26
"2925",40383,1,1,1,2,2,2022-04-26
"2926",39823,1,1,1,2,2,2022-04-26
"2927",40509,7,1,1,8,2,2022-04-26
"2928",42431,1,1,1,2,2,2022-04-26
"2929",43302,2,1,1,3,2,2022-04-26
"2930",43551,4,1,1,5,2,2022-04-26
"2931",43512,1,1,1,2,2,2022-04-26
"2932",44266,2,1,1,3,2,2022-04-26
"2933",44280,1,1,1,2,2,2022-04-26
"2934",44857,1,1,1,2,2,2022-04-26
"2935",43910,1,1,1,2,2,2022-04-26
"2936",44129,3,1,1,4,2,2022-04-26
"2937",39562,2,1,1,3,2,2022-04-26
"2938",41030,1,1,1,2,2,2022-04-26
"2939",48035,1,1,1,2,2,2022-04-26
"2940",46635,2,1,1,3,2,2022-04-26
"2941",48206,2,1,1,3,2,2022-04-26
"2942",44302,2,1,1,3,2,2022-04-26
"2943",45640,2,1,1,3,2,2022-04-26
"2944",46256,4,1,1,5,2,2022-04-26
"2945",46544,3,1,1,4,2,2022-04-26
"2946",46711,1,1,1,2,2,2022-04-26
"2947",47710,2,1,1,3,2,2022-04-26
"2948",47712,3,1,1,4,2,2022-04-26
"2949",48114,3,1,1,4,2,2022-04-26
"2950",48128,2,1,1,3,2,2022-04-26
"2951",54304,4,1,1,5,2,2022-04-26
"2952",55425,1,1,1,2,2,2022-04-26
"2953",44004,2,1,1,3,2,2022-04-26
"2954",44515,2,1,1,3,2,2022-04-26
"2955",46135,2,1,1,3,2,2022-04-26
"2956",52211,1,1,1,2,2,2022-04-26
"2957",46312,5,1,1,6,2,2022-04-26
"2958",48420,1,1,1,2,2,2022-04-26
"2959",54403,1,1,1,2,2,2022-04-26
"2960",49431,2,1,1,3,2,2022-04-26
"2961",53146,1,1,1,2,2,2022-04-26
"2962",53714,1,1,1,2,2,2022-04-26
"2963",54409,1,1,1,2,2,2022-04-26
"2964",54902,2,1,1,3,2,2022-04-26
"2965",55068,1,1,1,2,2,2022-04-26
"2966",55379,4,1,1,5,2,2022-04-26
"2967",55454,5,1,1,6,2,2022-04-26
"2968",56308,2,1,1,3,2,2022-04-26
"2969",57401,1,1,1,2,2,2022-04-26
"2970",49418,3,1,1,4,2,2022-04-26
"2971",50588,2,1,1,3,2,2022-04-26
"2972",50703,1,1,1,2,2,2022-04-26
"2973",53562,6,1,1,7,2,2022-04-26
"2974",54449,1,1,1,2,2,2022-04-26
"2975",56303,1,1,1,2,2,2022-04-26
"2976",60448,1,1,1,2,2,2022-04-26
"2977",59720,1,1,1,2,2,2022-04-26
"2978",60018,3,1,1,4,2,2022-04-26
"2979",63040,7,1,1,8,2,2022-04-26
"2980",59901,3,1,1,4,2,2022-04-26
"2981",60510,1,1,1,2,2,2022-04-26
"2982",60517,4,1,1,5,2,2022-04-26
"2983",60560,2,1,1,3,2,2022-04-26
"2984",61081,1,1,1,2,2,2022-04-26
"2985",64157,2,1,1,3,2,2022-04-26
"2986",60805,1,1,1,2,2,2022-04-26
"2987",63031,14,1,1,15,2,2022-04-26
"2988",64064,2,1,1,3,2,2022-04-26
"2989",64083,1,1,1,2,2,2022-04-26
"2990",64116,1,1,1,2,2,2022-04-26
"2991",64133,2,1,1,3,2,2022-04-26
"2992",64079,1,1,1,2,2,2022-04-26
"2993",66210,6,1,1,7,2,2022-04-26
"2994",66762,3,1,1,4,2,2022-04-26
"2995",70420,1,1,1,2,2,2022-04-26
"2996",71104,2,1,1,3,2,2022-04-26
"2997",66206,1,1,1,2,2,2022-04-26
"2998",68512,2,1,1,3,2,2022-04-26
"2999",70116,2,1,1,3,2,2022-04-26
"3000",67214,1,1,1,2,2,2022-04-26
"3001",68133,3,1,1,4,2,2022-04-26
"3002",63135,6,1,1,7,2,2022-04-26
"3003",63367,5,1,1,6,2,2022-04-26
"3004",68372,1,1,1,2,2,2022-04-26
"3005",68901,1,1,1,2,2,2022-04-26
"3006",70435,2,1,1,3,2,2022-04-26
"3007",70605,2,1,1,3,2,2022-04-26
"3008",74104,2,1,1,3,2,2022-04-26
"3009",75189,4,1,1,5,2,2022-04-26
"3010",74037,1,1,1,2,2,2022-04-26
"3011",72122,1,1,1,2,2,2022-04-26
"3012",72904,1,1,1,2,2,2022-04-26
"3013",77087,3,1,1,4,2,2022-04-26
"3014",77316,4,1,1,5,2,2022-04-26
"3015",77357,1,1,1,2,2,2022-04-26
"3016",77414,3,1,1,4,2,2022-04-26
"3017",77365,7,1,1,8,2,2022-04-26
"3018",77051,3,1,1,4,2,2022-04-26
"3019",77085,1,1,1,2,2,2022-04-26
"3020",77802,2,1,1,3,2,2022-04-26
"3021",76306,1,1,1,2,2,2022-04-26
"3022",76643,2,1,1,3,2,2022-04-26
"3023",77075,3,1,1,4,2,2022-04-26
"3024",77091,3,1,1,4,2,2022-04-26
"3025",77327,2,1,1,3,2,2022-04-26
"3026",78368,2,1,1,3,2,2022-04-26
"3027",78557,1,1,1,2,2,2022-04-26
"3028",78727,3,1,1,4,2,2022-04-26
"3029",78747,4,1,1,5,2,2022-04-26
"3030",79765,2,1,1,3,2,2022-04-26
"3031",79106,2,1,1,3,2,2022-04-26
"3032",80005,5,1,1,6,2,2022-04-26
"3033",80482,3,1,1,4,2,2022-04-26
"3034",80524,5,1,1,6,2,2022-04-26
"3035",81224,4,1,1,5,2,2022-04-26
"3036",81401,4,1,1,5,2,2022-04-26
"3037",84025,2,1,1,3,2,2022-04-26
"3038",84109,2,1,1,3,2,2022-04-26
"3039",83619,4,1,1,5,2,2022-04-26
"3040",84405,2,1,1,3,2,2022-04-26
"3041",85323,2,1,1,3,2,2022-04-26
"3042",85373,1,1,1,2,2,2022-04-26
"3043",85708,2,1,1,3,2,2022-04-26
"3044",83647,2,1,1,3,2,2022-04-26
"3045",84015,5,1,1,6,2,2022-04-26
"3046",85017,2,1,1,3,2,2022-04-26
"3047",89015,7,1,1,8,2,2022-04-26
"3048",90670,1,1,1,2,2,2022-04-26
"3049",81521,1,1,1,2,2,2022-04-26
"3050",82609,1,1,1,2,2,2022-04-26
"3051",85365,7,1,1,8,2,2022-04-26
"3052",85701,1,1,1,2,2,2022-04-26
"3053",87107,2,1,1,3,2,2022-04-26
"3054",89145,5,1,1,6,2,2022-04-26
"3055",90056,4,1,1,5,2,2022-04-26
"3056",91030,8,1,1,9,2,2022-04-26
"3057",85304,4,1,1,5,2,2022-04-26
"3058",85377,3,1,1,4,2,2022-04-26
"3059",88001,1,1,1,2,2,2022-04-26
"3060",91724,6,1,1,7,2,2022-04-26
"3061",91740,4,1,1,5,2,2022-04-26
"3062",90089,4,1,1,5,2,2022-04-26
"3063",90602,3,1,1,4,2,2022-04-26
"3064",92029,4,1,1,5,2,2022-04-26
"3065",93001,4,1,1,5,2,2022-04-26
"3066",93637,1,1,1,2,2,2022-04-26
"3067",93703,2,1,1,3,2,2022-04-26
"3068",92139,4,1,1,5,2,2022-04-26
"3069",92657,3,1,1,4,2,2022-04-26
"3070",92782,3,1,1,4,2,2022-04-26
"3071",92832,1,1,1,2,2,2022-04-26
"3072",93257,1,1,1,2,2,2022-04-26
"3073",94526,8,1,1,9,2,2022-04-26
"3074",94930,3,1,1,4,2,2022-04-26
"3075",92845,1,1,1,2,2,2022-04-26
"3076",93110,3,1,1,4,2,2022-04-26
"3077",94517,2,1,1,3,2,2022-04-26
"3078",95133,4,1,1,5,2,2022-04-26
"3079",95219,1,1,1,2,2,2022-04-26
"3080",95023,4,1,1,5,2,2022-04-26
"3081",95821,2,1,1,3,2,2022-04-26
"3082",96766,2,1,1,3,2,2022-04-26
"3083",96768,1,1,1,2,2,2022-04-26
"3084",97220,3,1,1,4,2,2022-04-26
"3085",95688,2,1,1,3,2,2022-04-26
"3086",96161,3,1,1,4,2,2022-04-26
"3087",98251,2,1,1,3,2,2022-04-26
"3088",98826,3,1,1,4,2,2022-04-26
"3089",98204,3,1,1,4,2,2022-04-26
"3090",98531,2,1,1,3,2,2022-04-26
"3091",99515,1,1,1,2,2,2022-04-26
"3092",99505,1,1,1,2,2,2022-04-26
"3093",97003,3,1,1,4,2,2022-04-26
"3094",97060,2,1,1,3,2,2022-04-26
"3095",97501,2,1,1,3,2,2022-04-26
"3096",97526,1,1,1,2,2,2022-04-26
"3097",98203,4,1,1,5,2,2022-04-26
